0 0.4359375 0.359375 0.125 0.09791666666666667
1 0.4703125 0.5427083333333333 0.084375 0.12291666666666666
1 0.37812500000000004 0.478125 0.05625 0.14375
1 0.5640625 0.3270833333333333 0.090625 0.1
1 0.77265625 0.3666666666666667 0.1078125 0.06666666666666667
0 0.8609375 0.2979166666666667 0.125 0.09583333333333334
1 0.06640625 0.365625 0.1203125 0.10625
1 0.92734375 0.38020833333333337 0.0984375 0.08541666666666667
1 0.3359375 0.038541666666666696 0.153125 0.07291666666666667
1 0.80625 0.2104166666666667 0.103125 0.07083333333333333
