0 0.747546875 0.4485208333333333 0.06946875000000005 0.1625
0 0.4425 0.43039583333333337 0.12240625000000005 0.10814583333333339
0 0.342828125 0.34418750000000004 0.11067187499999998 0.1419583333333333
0 0.228375 0.45127083333333334 0.054953125000000026 0.15256250000000005
0 0.1696875 0.31522916666666667 0.11821875000000001 0.12250000000000003
1 0.28885937500000003 0.11908333333333333 0.10656249999999998 0.07754166666666666
1 0.601 0.5401875 0.06807812500000007 0.13095833333333337
1 0.544078125 0.5610208333333334 0.05915625000000002 0.14881249999999996
1 0.41071875 0.6160625 0.05134375000000002 0.14583333333333334
1 0.166296875 0.5349791666666667 0.06696875000000002 0.1383958333333333
1 0.859375 0.5297708333333333 0.10490625000000016 0.1041666666666666
1 0.7786406249999999 0.5891458333333334 0.06014062499999993 0.13064583333333335
0 0.6912499999999999 0.618 0.10634374999999992 0.14493749999999986
1 0.3515625 0.62575 0.07365624999999998 0.09672916666666656
1 0.9075 0.6579166666666667 0.08125 0.11643749999999997
1 0.48771875 0.577375 0.09375 0.10118750000000004
1 0.62046875 0.669875 0.07379687500000003 0.14035416666666667
1 0.28428125 0.3370625 0.06759374999999998 0.13243749999999999
1 0.245875 0.6236875000000001 0.08487499999999999 0.17985416666666676
1 0.10603125 0.6875 0.09821875 0.0892916666666667
1 0.333140625 0.7775208333333333 0.09709374999999998 0.08481250000000008
1 0.0384375 0.6944791666666668 0.076875 0.10895833333333324
1 0.17620312500000002 0.6832291666666667 0.051765625000000016 0.128125
1 0.5435156250000001 0.6896666666666668 0.08951562499999995 0.10483333333333343