0 0.42121875 0.26104166666666667 0.079875 0.157625
0 0.56296875 0.6496458333333333 0.07204687500000002 0.1557916666666666
0 0.8748437499999999 0.6952916666666666 0.11425000000000018 0.10543750000000003
0 0.07418749999999999 0.331 0.105453125 0.1345208333333333
1 0.1636875 0.27281249999999996 0.08332812500000002 0.1448333333333333
1 0.30207812500000003 0.33531249999999996 0.07887500000000003 0.15872916666666667
1 0.220609375 0.3968333333333333 0.07068750000000001 0.16666666666666666
0 0.2265625 0.5364375 0.084796875 0.14395833333333338
1 0.21209375000000003 0.6649166666666667 0.09848437499999999 0.08674999999999997
1 0.348703125 0.6031666666666666 0.05545312500000001 0.1308750000000001
1 0.423421875 0.636875 0.048687499999999995 0.14285416666666678
1 0.41417187499999997 0.51925 0.0625 0.1388958333333333
0 0.5879375 0.5174791666666666 0.11770312500000006 0.07970833333333331
1 0.66240625 0.44145833333333334 0.11207812500000003 0.08427083333333331
1 0.716515625 0.5977083333333333 0.08779687499999991 0.12600000000000003
1 0.6586093749999999 0.6453749999999999 0.10443750000000004 0.08416666666666663
1 0.831890625 0.5832916666666667 0.11151562500000009 0.08539583333333335
1 0.9214218750000001 0.6133541666666668 0.10506250000000002 0.08758333333333326
1 0.78459375 0.6993958333333333 0.109375 0.11706249999999987
1 0.068078125 0.5045 0.060531249999999995 0.17481250000000007
0 0.48065625 0.733625 0.05654687500000009 0.13591666666666669
1 0.454984375 0.7916666666666666 0.07664062499999993 0.11310416666666659
0 0.056921875 0.7540833333333333 0.11384375 0.09593749999999991
1 0.33525 0.7457708333333334 0.05610937499999995 0.13239583333333324