1 0.048859375000000003 0.37177083333333333 0.06896875 0.1301875
1 0.17665625000000001 0.4159375 0.09332812500000001 0.1352083333333334
1 0.18821875 0.3169583333333333 0.097703125 0.09974999999999999
1 0.23978125 0.15233333333333335 0.057062499999999974 0.1545
1 0.6085 0.2738333333333333 0.06950000000000003 0.20933333333333337
1 0.7175625 0.4428125 0.09385937500000008 0.1014583333333333
1 0.69709375 0.5434375 0.07479687500000001 0.1097916666666667
1 0.63475 0.6430625 0.05950000000000007 0.13110416666666655
1 0.69709375 0.7443124999999999 0.049812499999999996 0.14197916666666663
1 0.76209375 0.7684791666666667 0.09518750000000002 0.07362500000000007
1 0.9352031249999999 0.6884791666666668 0.06351562500000014 0.14695833333333325
1 0.504296875 0.6049166666666667 0.10795312500000005 0.06733333333333344
1 0.16698437500000002 0.6349166666666667 0.09478124999999997 0.07735416666666665
0 0.30103125 0.30068750000000005 0.06206249999999995 0.161125
1 0.554453125 0.6920208333333334 0.06984375000000007 0.1332083333333332
1 0.447578125 0.7518125 0.05390625 0.09029166666666673
1 0.9039531249999999 0.7603541666666668 0.08851562500000014 0.08654166666666659
1 0.33696875 0.7720208333333333 0.09517187500000004 0.05987500000000002
1 0.17385937499999998 0.7678541666666666 0.10603124999999998 0.1015625