0 0.5703125 0.6479166666666667 0.059375 0.1625
1 0.7765625 0.19791666666666666 0.078125 0.15
1 0.68125 0.19791666666666666 0.09375 0.10416666666666667
1 0.6984375 0.2635416666666667 0.090625 0.11875
1 0.953125 0.13541666666666666 0.0625 0.125
1 0.7640625 0.35208333333333336 0.08125 0.1125
1 0.77578125 0.478125 0.0515625 0.12291666666666666
1 0.66796875 0.5875 0.0515625 0.14166666666666666
1 0.5703125 0.5104166666666666 0.059375 0.12916666666666668
1 0.50390625 0.5583333333333333 0.0765625 0.1
1 0.50625 0.6645833333333333 0.065625 0.11666666666666667
1 0.29140625 0.159375 0.1109375 0.08125
1 0.19062500000000004 0.61875 0.071875 0.15
1 0.275 0.6833333333333333 0.08125 0.11666666666666667
1 0.41484374999999996 0.703125 0.0921875 0.10625
1 0.83125 0.6395833333333333 0.1 0.06666666666666667
1 0.9203125 0.6635416666666667 0.090625 0.08541666666666667
1 0.95625 0.7947916666666667 0.084375 0.07291666666666667
1 0.65859375 0.715625 0.0609375 0.11875
1 0.07968750000000002 0.6072916666666667 0.096875 0.07708333333333334
1 0.8359375 0.7322916666666667 0.071875 0.08958333333333333
