0 0.4296875 0.3520833333333333 0.059375 0.1625
1 0.2234375 0.8020833333333334 0.078125 0.15
1 0.31875 0.8020833333333334 0.09375 0.10416666666666667
1 0.3015625 0.7364583333333333 0.090625 0.11875
1 0.046875 0.8645833333333334 0.0625 0.125
1 0.2359375 0.6479166666666667 0.08125 0.1125
1 0.22421875 0.521875 0.0515625 0.12291666666666666
1 0.33203125 0.4125 0.0515625 0.14166666666666666
1 0.4296875 0.48958333333333337 0.059375 0.12916666666666668
1 0.49609375 0.44166666666666665 0.0765625 0.1
1 0.49375 0.3354166666666667 0.065625 0.11666666666666667
1 0.70859375 0.840625 0.1109375 0.08125
1 0.809375 0.38125 0.071875 0.15
1 0.725 0.31666666666666665 0.08125 0.11666666666666667
1 0.58515625 0.296875 0.0921875 0.10625
1 0.16875 0.3604166666666667 0.1 0.06666666666666667
1 0.0796875 0.3364583333333333 0.090625 0.08541666666666667
1 0.04375 0.20520833333333333 0.084375 0.07291666666666667
1 0.34140625 0.28437500000000004 0.0609375 0.11875
1 0.9203125 0.3927083333333333 0.096875 0.07708333333333334
1 0.1640625 0.2677083333333333 0.071875 0.08958333333333333
