0 0.789265625 0.1300625 0.07792187499999992 0.16345833333333332
1 0.6949062500000001 0.14962499999999998 0.1016718749999999 0.10574999999999998
1 0.758953125 0.2813333333333333 0.07354687500000008 0.14100000000000001
1 0.8045781249999999 0.6176041666666666 0.06478125000000005 0.12810416666666669
1 0.43679687500000003 0.4109166666666667 0.08546875000000002 0.09150000000000004
1 0.47335937499999997 0.47885416666666664 0.09764062500000001 0.06397916666666663
1 0.27915625 0.5234583333333334 0.060812500000000026 0.13356250000000003
1 0.140734375 0.5834583333333333 0.06520312499999999 0.13691666666666671
1 0.128390625 0.23027083333333334 0.04990625 0.12364583333333336
1 0.1974375 0.2525625 0.06926562500000003 0.12489583333333337
1 0.2915 0.26799999999999996 0.10112500000000005 0.09764583333333335
1 0.501484375 0.1406875 0.10857812500000001 0.07218750000000002
1 0.6750625 0.6780625 0.10887499999999992 0.1011041666666666
1 0.21368749999999997 0.6892916666666667 0.10175000000000001 0.06808333333333323
1 0.389609375 0.586375 0.084859375 0.10108333333333329
1 0.37179687499999997 0.5001041666666667 0.10548437499999999 0.07022916666666669
1 0.31196875 0.4196666666666667 0.08268750000000002 0.09899999999999996
1 0.317125 0.3515416666666667 0.10235937499999999 0.0605833333333333
1 0.264625 0.16275 0.06487499999999997 0.11199999999999997
1 0.34118750000000003 0.6355416666666667 0.044234375000000006 0.13277083333333337
1 0.859890625 0.7849375 0.10665624999999998 0.07262500000000002
1 0.46476562499999996 0.7253541666666667 0.042953125000000016 0.11654166666666654