1 0.9609375 0.15 0.053125 0.13333333333333333
1 0.6875 0.19375 0.09375 0.09583333333333334
1 0.515625 0.375 0.0875 0.12083333333333333
1 0.23281249999999998 0.384375 0.053125 0.13125
1 0.16953125000000002 0.5020833333333333 0.0953125 0.09583333333333334
1 0.22265625 0.6083333333333333 0.1171875 0.07083333333333333
1 0.46640625 0.6572916666666667 0.0515625 0.13958333333333334
1 0.75546875 0.46458333333333335 0.0578125 0.125
1 0.66796875 0.46145833333333336 0.0671875 0.12291666666666666
0 0.609375 0.5447916666666667 0.05625 0.15625
1 0.7609375 0.6114583333333333 0.065625 0.13958333333333334
1 0.84609375 0.640625 0.0984375 0.05625
1 0.6734375 0.6614583333333334 0.071875 0.12708333333333333
1 0.39453125 0.7520833333333333 0.1046875 0.07083333333333333
1 0.89140625 0.7489583333333333 0.0796875 0.12708333333333333
1 0.9140625 0.6385416666666667 0.084375 0.10208333333333333
1 0.5796875 0.7635416666666667 0.0625 0.10625
1 0.56171875 0.6604166666666667 0.0734375 0.1125
1 0.05625000000000002 0.6489583333333333 0.10625 0.06875
1 0.6859375 0.5635416666666667 0.1 0.06458333333333334
