1 0.9609375 0.85 0.053125 0.13333333333333333
1 0.6875 0.80625 0.09375 0.09583333333333334
1 0.515625 0.625 0.0875 0.12083333333333333
1 0.23281249999999998 0.615625 0.053125 0.13125
1 0.16953125000000002 0.4979166666666667 0.0953125 0.09583333333333334
1 0.22265625 0.3916666666666667 0.1171875 0.07083333333333333
1 0.46640625 0.3427083333333333 0.0515625 0.13958333333333334
1 0.75546875 0.5354166666666667 0.0578125 0.125
1 0.66796875 0.5385416666666667 0.0671875 0.12291666666666666
0 0.609375 0.4552083333333333 0.05625 0.15625
1 0.7609375 0.3885416666666667 0.065625 0.13958333333333334
1 0.84609375 0.359375 0.0984375 0.05625
1 0.6734375 0.33854166666666663 0.071875 0.12708333333333333
1 0.39453125 0.24791666666666667 0.1046875 0.07083333333333333
1 0.89140625 0.2510416666666667 0.0796875 0.12708333333333333
1 0.9140625 0.3614583333333333 0.084375 0.10208333333333333
1 0.5796875 0.23645833333333333 0.0625 0.10625
1 0.56171875 0.33958333333333335 0.0734375 0.1125
1 0.05625000000000002 0.3510416666666667 0.10625 0.06875
1 0.6859375 0.4364583333333333 0.1 0.06458333333333334
