0 0.134171875 0.22608333333333333 0.05834375000000001 0.1653125
1 0.6825625 0.0994375 0.07387499999999995 0.14802083333333332
1 0.7831718750000001 0.09629166666666666 0.08760937499999999 0.1124375
1 0.05575 0.33716666666666667 0.09226562499999999 0.10266666666666673
1 0.150265625 0.3759166666666667 0.06884375000000001 0.12818749999999995
1 0.206203125 0.34652083333333333 0.06323437499999998 0.13277083333333337
1 0.136984375 0.537 0.070203125 0.13983333333333334
1 0.074328125 0.6655416666666666 0.060531249999999995 0.1406041666666667
1 0.28634375 0.6963958333333333 0.06893750000000001 0.12112499999999997
1 0.32821875 0.6017916666666667 0.05268750000000004 0.14027083333333337
1 0.388375 0.7122083333333333 0.06762499999999996 0.13058333333333322
1 0.393671875 0.5544791666666666 0.06173437499999999 0.1252083333333334
1 0.44210937499999997 0.5444791666666667 0.06014062500000002 0.14520833333333336
1 0.46851562500000005 0.45258333333333334 0.06045312500000009 0.12483333333333337
1 0.908953125 0.528875 0.07351562499999993 0.13606249999999995
1 0.877703125 0.6547083333333333 0.11101562499999992 0.09558333333333333
1 0.8456718750000001 0.7384791666666667 0.08759374999999991 0.11362499999999992
1 0.9389375 0.7759791666666668 0.08351562500000007 0.07806250000000006
1 0.6486562499999999 0.612625 0.0966875 0.0785833333333334
1 0.5735 0.643875 0.06201562499999991 0.13393749999999993
1 0.49585937500000005 0.6649166666666667 0.09734374999999992 0.07068749999999989
1 0.48445312500000004 0.7590833333333333 0.05265625000000007 0.12431249999999991
1 0.11260937499999998 0.7784791666666667 0.10896875000000002 0.0730416666666668