1 0.659375 0.55625 0.084375 0.09583333333333334
1 0.76015625 0.4697916666666667 0.0609375 0.13958333333333334
1 0.621875 0.3583333333333333 0.05 0.15
1 0.52734375 0.30104166666666665 0.0484375 0.13125
0 0.38515625 0.5291666666666667 0.0828125 0.15833333333333333
1 0.03984375 0.85 0.0515625 0.12916666666666668
1 0.315625 0.8052083333333333 0.084375 0.09375
1 0.17578125 0.6072916666666667 0.0515625 0.13958333333333334
1 0.078125 0.70625 0.1 0.1
1 0.08828125 0.446875 0.0484375 0.14375
1 0.18984375 0.4625 0.0984375 0.1125
1 0.28984375 0.4677083333333333 0.1078125 0.08125
1 0.38515625 0.3677083333333333 0.0484375 0.14375
1 0.71171875 0.2666666666666667 0.0453125 0.15416666666666667
1 0.8671875 0.23958333333333337 0.096875 0.07916666666666666
1 0.29296875 0.30208333333333337 0.0578125 0.14166666666666666
1 0.35546875 0.28125 0.0578125 0.12916666666666668
1 0.4296875 0.24479166666666663 0.065625 0.11458333333333333
1 0.1578125 0.36354166666666665 0.0875 0.07291666666666667
1 0.22265625 0.3041666666666667 0.0734375 0.12083333333333333
1 0.1125 0.265625 0.115625 0.06458333333333334
1 0.965625 0.29270833333333335 0.06875 0.08125
