1 0.34062499999999996 0.44375 0.084375 0.09583333333333334
1 0.23984375000000002 0.5302083333333333 0.0609375 0.13958333333333334
1 0.37812500000000004 0.6416666666666667 0.05 0.15
1 0.47265625 0.6989583333333333 0.0484375 0.13125
0 0.61484375 0.4708333333333333 0.0828125 0.15833333333333333
1 0.96015625 0.15 0.0515625 0.12916666666666668
1 0.684375 0.19479166666666667 0.084375 0.09375
1 0.82421875 0.3927083333333333 0.0515625 0.13958333333333334
1 0.921875 0.29375 0.1 0.1
1 0.91171875 0.553125 0.0484375 0.14375
1 0.81015625 0.5375 0.0984375 0.1125
1 0.71015625 0.5322916666666667 0.1078125 0.08125
1 0.61484375 0.6322916666666667 0.0484375 0.14375
1 0.28828125000000004 0.7333333333333333 0.0453125 0.15416666666666667
1 0.1328125 0.7604166666666666 0.096875 0.07916666666666666
1 0.70703125 0.6979166666666666 0.0578125 0.14166666666666666
1 0.64453125 0.71875 0.0578125 0.12916666666666668
1 0.5703125 0.7552083333333334 0.065625 0.11458333333333333
1 0.8421875 0.6364583333333333 0.0875 0.07291666666666667
1 0.77734375 0.6958333333333333 0.0734375 0.12083333333333333
1 0.8875 0.734375 0.115625 0.06458333333333334
1 0.034375000000000044 0.7072916666666667 0.06875 0.08125
