0 0.58515625 0.6552083333333333 0.0890625 0.15625
0 0.5140625 0.609375 0.090625 0.13958333333333334
0 0.35703125 0.6 0.1203125 0.075
0 0.87734375 0.6791666666666667 0.1296875 0.07083333333333333
0 0.8015625 0.48125 0.084375 0.15
0 0.7703125 0.35520833333333335 0.078125 0.15625
1 0.68671875 0.7041666666666667 0.0796875 0.09166666666666666
1 0.65546875 0.6416666666666667 0.0671875 0.11666666666666667
1 0.72109375 0.46875 0.1140625 0.06666666666666667
1 0.5890625 0.496875 0.05625 0.13125
1 0.5125 0.4510416666666667 0.09375 0.08958333333333333
1 0.46953124999999996 0.54375 0.0953125 0.075
1 0.38046875 0.41354166666666664 0.1046875 0.07291666666666667
1 0.21562499999999996 0.45416666666666666 0.0875 0.10833333333333334
1 0.11171874999999998 0.5166666666666667 0.0921875 0.0875
1 0.16640624999999998 0.6114583333333333 0.1015625 0.09375
1 0.31640625 0.6833333333333333 0.0859375 0.08333333333333333
1 0.19999999999999996 0.7302083333333333 0.08125 0.10208333333333333
0 0.9375 0.56875 0.078125 0.125
1 0.9140625 0.3104166666666667 0.053125 0.14166666666666666
1 0.79296875 0.035416666666666666 0.0765625 0.07083333333333333
1 0.590625 0.09895833333333333 0.065625 0.11458333333333333
1 0.8234375 0.7854166666666667 0.09375 0.10416666666666667
1 0.9734375 0.7364583333333333 0.053125 0.10208333333333333
1 0.5046875 0.7177083333333333 0.096875 0.08958333333333333
