0 0.43790625 0.20770833333333336 0.10924999999999999 0.15012500000000004
1 0.524546875 0.28968750000000004 0.09821875000000002 0.12302083333333336
0 0.23581249999999998 0.33541666666666664 0.07342187500000001 0.16447916666666665
1 0.289515625 0.6354166666666666 0.06384375000000002 0.13393749999999993
1 0.0710625 0.6448333333333333 0.10193749999999999 0.1051666666666667
1 0.26153125 0.7258958333333333 0.0944375 0.10377083333333345
1 0.369421875 0.6507916666666667 0.10490624999999998 0.09324999999999999
1 0.389515625 0.5649791666666667 0.13020312499999998 0.07439583333333336
1 0.49915624999999997 0.6130208333333333 0.07164062500000004 0.14722916666666658
0 0.643375 0.578125 0.07174999999999994 0.15477083333333333
1 0.9091875 0.6049791666666666 0.07859374999999993 0.1321666666666668
1 0.545765625 0.6934583333333334 0.06770312500000006 0.12697916666666675
1 0.12703124999999998 0.38941666666666663 0.07112500000000002 0.0943333333333334
1 0.053390625000000004 0.3707083333333333 0.09365625 0.09693749999999994
1 0.232140625 0.9007916666666667 0.13690625 0.14881250000000013
1 0.48520312499999996 0.8557708333333333 0.12565624999999994 0.05977083333333345
1 0.84746875 0.7832291666666666 0.10267187500000005 0.09227083333333326
1 0.591140625 0.7847291666666667 0.11681249999999999 0.09522916666666674
1 0.327015625 0.7953958333333334 0.12276562499999999 0.09077083333333344
1 0.70646875 0.6450833333333333 0.07365624999999998 0.13839583333333347
1 0.163859375 0.7790208333333334 0.11764062500000003 0.08518749999999997
1 0.93478125 0.7716458333333333 0.04901562499999983 0.12945833333333331
1 0.377234375 0.7477708333333334 0.11829687500000001 0.07589583333333323
1 0.48851562499999995 0.7571875 0.042031249999999964 0.11356249999999998
1 0.736625 0.603 0.06174999999999997 0.08850000000000004
1 0.8052187500000001 0.7148958333333333 0.05895312500000003 0.12479166666666662