0 0.478125 0.421875 0.084375 0.13958333333333334
0 0.6546875 0.6916666666666667 0.096875 0.14583333333333334
0 0.83046875 0.17916666666666667 0.0734375 0.15833333333333333
0 0.8453125 0.740625 0.109375 0.12291666666666666
1 0.7703125 0.5541666666666667 0.1 0.07916666666666666
1 0.675 0.06666666666666667 0.078125 0.12083333333333333
1 0.3359375 0.18541666666666667 0.103125 0.1
1 0.50703125 0.3104166666666667 0.0671875 0.12083333333333333
1 0.42890625000000004 0.35208333333333336 0.0421875 0.125
1 0.56640625 0.465625 0.0609375 0.12291666666666666
1 0.60546875 0.565625 0.0734375 0.10625
1 0.47578125000000004 0.5791666666666667 0.0828125 0.09166666666666666
1 0.353125 0.51875 0.1 0.1625
1 0.22265625 0.5802083333333333 0.0546875 0.12291666666666666
1 0.22812500000000002 0.709375 0.0625 0.12291666666666666
1 0.09453124999999996 0.571875 0.1140625 0.07291666666666667
1 0.06874999999999998 0.496875 0.09375 0.08125
1 0.12890625 0.3614583333333333 0.0984375 0.07708333333333334
1 0.24375000000000002 0.37604166666666666 0.053125 0.14375
1 0.24375000000000002 0.036458333333333336 0.08125 0.07291666666666667
1 0.7765625 0.340625 0.05 0.16041666666666668
1 0.78828125 0.6447916666666667 0.0703125 0.09375
1 0.721875 0.6541666666666667 0.040625 0.13333333333333333
1 0.91796875 0.65625 0.0921875 0.07083333333333333
1 0.53125 0.703125 0.08125 0.09375
1 0.4828125 0.6760416666666667 0.046875 0.12291666666666666
0 0.41874999999999996 0.6385416666666667 0.09375 0.13125
1 0.70859375 0.7770833333333333 0.1234375 0.06666666666666667
1 0.59609375 0.8385416666666666 0.1109375 0.06875
1 0.57578125 0.7729166666666667 0.0453125 0.11666666666666667
