0 0.7788125000000001 0.5811666666666666 0.13362500000000005 0.0948333333333333
0 0.449609375 0.2527916666666667 0.05984374999999993 0.1714166666666667
0 0.18712500000000004 0.21924999999999997 0.06739062500000001 0.15847916666666662
0 0.19665625 0.4403125 0.08332812500000002 0.14645833333333336
0 0.3336875 0.5415833333333333 0.11673437499999997 0.10731249999999998
0 0.30212500000000003 0.6509583333333333 0.06512500000000002 0.1614375
1 0.236515625 0.38175000000000003 0.09635937500000002 0.06650000000000003
1 0.3405625 0.46904166666666663 0.06950000000000003 0.08772916666666669
1 0.512890625 0.36779166666666663 0.10326562500000006 0.06524999999999999
1 0.63225 0.4611458333333333 0.04949999999999992 0.1414791666666667
1 0.485703125 0.46531249999999996 0.08015624999999993 0.09645833333333335
1 0.553984375 0.4721666666666666 0.061406249999999926 0.12731250000000002
1 0.816609375 0.40239583333333334 0.11071874999999994 0.0622708333333333
1 0.773640625 0.4784375 0.07167187499999991 0.11022916666666673
1 0.8375468749999999 0.6255416666666667 0.09114062499999998 0.07941666666666668
0 0.793328125 0.7309583333333334 0.11728124999999992 0.11806249999999992
1 0.454609375 0.6824375 0.04764062500000001 0.13904166666666667
1 0.411015625 0.635125 0.037046875000000014 0.12360416666666675
1 0.48773437499999994 0.5661666666666666 0.05609374999999996 0.1315
1 0.544296875 0.5780208333333333 0.06203125000000007 0.13229166666666667
1 0.59209375 0.6117708333333333 0.05232812500000002 0.1397708333333334
1 0.519296875 0.6697083333333332 0.10045312499999995 0.08225000000000003
1 0.05015625 0.352375 0.1003125 0.06224999999999999
1 0.044656249999999995 0.46904166666666663 0.055078125 0.12106250000000003
1 0.085109375 0.11483333333333332 0.083515625 0.07949999999999997
1 0.254953125 0.2690416666666666 0.09073437499999999 0.07889583333333335
1 0.32243750000000004 0.3167291666666667 0.05575000000000001 0.14654166666666665
1 0.363375 0.2613125 0.06762499999999996 0.11570833333333334
1 0.211515625 0.6292916666666667 0.10884374999999998 0.07143749999999992
1 0.378375 0.8128541666666667 0.11262499999999998 0.058458333333333216
1 0.9084843749999999 0.7653541666666667 0.11803124999999995 0.05345833333333327
0 0.09229687499999999 0.751375 0.100390625 0.16891666666666674
0 0.288375 0.7557708333333333 0.06987500000000005 0.13572916666666662
1 0.35915625 0.6534583333333334 0.06829687499999997 0.09027083333333343