0 0.3859375 0.60625 0.075 0.14583333333333334
0 0.3125 0.5375 0.06875 0.1625
0 0.4703125 0.9135416666666667 0.05 0.16041666666666668
0 0.546875 0.6916666666666667 0.0625 0.15833333333333333
0 0.64921875 0.3927083333333333 0.0546875 0.15208333333333332
0 0.6890625 0.25625 0.121875 0.11666666666666667
1 0.3671875 0.4447916666666667 0.046875 0.13958333333333334
1 0.428125 0.4864583333333333 0.05 0.12291666666666666
1 0.4421875 0.34791666666666665 0.059375 0.125
1 0.46015625 0.6 0.0453125 0.13333333333333333
1 0.5046875 0.603125 0.05625 0.11458333333333333
1 0.4390625 0.7229166666666667 0.09375 0.09583333333333334
1 0.4546875 0.79375 0.090625 0.0625
1 0.28671875 0.840625 0.0546875 0.17291666666666666
1 0.640625 0.9208333333333334 0.059375 0.13333333333333333
1 0.7640625 0.875 0.084375 0.10833333333333334
1 0.5984375 0.7583333333333333 0.1 0.08333333333333333
1 0.615625 0.5333333333333333 0.0875 0.09583333333333334
1 0.71875 0.4041666666666667 0.046875 0.14166666666666666
1 0.7796875 0.5083333333333333 0.059375 0.12916666666666668
1 0.8328125 0.48750000000000004 0.046875 0.14583333333333334
1 0.89609375 0.3135416666666667 0.1046875 0.05625
1 0.22265625 0.20625000000000004 0.1109375 0.058333333333333334
