0 0.6140625 0.39375 0.075 0.14583333333333334
0 0.6875 0.4625 0.06875 0.1625
0 0.5296875 0.08645833333333333 0.05 0.16041666666666668
0 0.453125 0.30833333333333335 0.0625 0.15833333333333333
0 0.35078125000000004 0.6072916666666667 0.0546875 0.15208333333333332
0 0.3109375 0.74375 0.121875 0.11666666666666667
1 0.6328125 0.5552083333333333 0.046875 0.13958333333333334
1 0.571875 0.5135416666666667 0.05 0.12291666666666666
1 0.5578125 0.6520833333333333 0.059375 0.125
1 0.53984375 0.4 0.0453125 0.13333333333333333
1 0.49531250000000004 0.396875 0.05625 0.11458333333333333
1 0.5609375 0.27708333333333335 0.09375 0.09583333333333334
1 0.5453125 0.20625 0.090625 0.0625
1 0.71328125 0.159375 0.0546875 0.17291666666666666
1 0.359375 0.07916666666666666 0.059375 0.13333333333333333
1 0.23593750000000002 0.125 0.084375 0.10833333333333334
1 0.40156250000000004 0.24166666666666667 0.1 0.08333333333333333
1 0.384375 0.4666666666666667 0.0875 0.09583333333333334
1 0.28125 0.5958333333333333 0.046875 0.14166666666666666
1 0.22031250000000002 0.49166666666666664 0.059375 0.12916666666666668
1 0.16718750000000004 0.5125 0.046875 0.14583333333333334
1 0.10390624999999998 0.6864583333333333 0.1046875 0.05625
1 0.77734375 0.79375 0.1109375 0.058333333333333334
