0 0.519921875 0.6144999999999999 0.07670312500000005 0.16152083333333328
0 0.058390624999999995 0.3471666666666666 0.05990625000000001 0.1560208333333333
0 0.126046875 0.2356875 0.12957812500000002 0.11222916666666667
0 0.1955625 0.4071875 0.10301562500000001 0.12604166666666666
0 0.32618749999999996 0.30716666666666664 0.10173437500000002 0.126
0 0.42024999999999996 0.06166666666666667 0.07889062500000002 0.12333333333333334
0 0.37915625 0.6924166666666667 0.10168749999999997 0.12433333333333323
0 0.61428125 0.6522291666666666 0.07793749999999999 0.14943750000000003
1 0.25915625000000003 0.07191666666666667 0.0958125 0.07368749999999998
1 0.462890625 0.1775625 0.05328125000000004 0.12512500000000001
1 0.503671875 0.3844583333333333 0.09420312499999994 0.06524999999999999
1 0.167140625 0.5059375 0.04759375000000001 0.13481249999999995
1 0.264 0.6684583333333334 0.09612499999999997 0.09308333333333323
1 0.463359375 0.560125 0.04484375000000007 0.12358333333333338
1 0.72646875 0.7126458333333333 0.04604687500000004 0.12862500000000002
1 0.8062968749999999 0.7180625 0.04634375000000004 0.13112499999999988
1 0.921921875 0.6307708333333333 0.05257812500000014 0.15235416666666665
1 0.9012968750000001 0.7738958333333333 0.098828125 0.05720833333333341
1 0.3930625 0.7868125 0.11449999999999996 0.056374999999999884
1 0.113390625 0.7299375 0.05740625000000001 0.1007083333333334
1 0.189625 0.7303541666666666 0.05989062500000002 0.09320833333333335
1 0.449609375 0.6524166666666668 0.09234375000000003 0.0956874999999999
1 0.95484375 0.708875 0.09031249999999993 0.07056250000000001