0 0.453125 0.29583333333333334 0.071875 0.14583333333333334
0 0.5875 0.7041666666666667 0.059375 0.16666666666666666
0 0.7328125 0.2604166666666667 0.090625 0.1625
0 0.40703124999999996 0.40208333333333335 0.0796875 0.14583333333333334
0 0.37421875000000004 0.3177083333333333 0.0796875 0.14375
0 0.21953124999999996 0.7125 0.1265625 0.0875
1 0.9515625 0.5885416666666666 0.075 0.12708333333333333
1 0.8171875 0.18229166666666666 0.084375 0.06458333333333334
1 0.590625 0.3302083333333333 0.046875 0.12708333333333333
1 0.6421875 0.4354166666666667 0.071875 0.12916666666666668
1 0.5109375 0.5260416666666666 0.1 0.06458333333333334
1 0.46640625 0.6541666666666667 0.0515625 0.1625
1 0.35234374999999996 0.5447916666666667 0.0984375 0.07708333333333334
1 0.21406250000000004 0.490625 0.065625 0.11875
1 0.14140624999999996 0.5864583333333333 0.1046875 0.07291666666666667
1 0.05234375000000002 0.46458333333333335 0.0734375 0.12083333333333333
1 0.33515625000000004 0.6416666666666667 0.0828125 0.11666666666666667
1 0.38671875 0.6697916666666667 0.0546875 0.12291666666666666
1 0.42578125 0.625 0.0515625 0.13333333333333333
1 0.74609375 0.6427083333333333 0.0921875 0.08541666666666667
1 0.46953124999999996 0.165625 0.0921875 0.08541666666666667
1 0.28515625 0.04583333333333333 0.0921875 0.09166666666666666
1 0.259375 0.30416666666666664 0.09375 0.0875
1 0.14453125 0.6947916666666667 0.0484375 0.10208333333333333
1 0.5515625 0.8677083333333333 0.13125 0.07708333333333334
1 0.265625 0.790625 0.1125 0.06458333333333334
1 0.5125 0.3177083333333333 0.05625 0.14791666666666667
