0 0.11807812499999999 0.3359166666666667 0.12301562500000003 0.10849999999999997
0 0.43648437500000004 0.313 0.07859374999999998 0.1543333333333333
0 0.6133437500000001 0.5074166666666666 0.05731249999999992 0.15564583333333334
0 0.10682812500000001 0.6734583333333333 0.061968749999999996 0.16643749999999996
0 0.119015625 0.21735416666666665 0.05615625 0.14222916666666668
1 0.21853125 0.21110416666666668 0.08957812499999998 0.12139583333333336
1 0.501953125 0.18381250000000002 0.03765625000000004 0.12929166666666667
1 0.48117187499999997 0.2288125 0.08671875 0.10264583333333335
1 0.546484375 0.39675 0.04857812500000005 0.13649999999999995
1 0.6597500000000001 0.4507291666666667 0.05950000000000007 0.14229166666666668
1 0.419296875 0.43406249999999996 0.10046874999999997 0.09229166666666669
1 0.31478125 0.5461666666666667 0.08206249999999997 0.10814583333333326
1 0.3793125 0.5948958333333334 0.05449999999999999 0.1193541666666666
1 0.501328125 0.6015833333333334 0.04890624999999993 0.12733333333333335
1 0.582734375 0.6934791666666666 0.09140625 0.09029166666666673
1 0.8375468749999999 0.6830625 0.04634375000000013 0.12779166666666672
1 0.96578125 0.26633333333333337 0.06843749999999993 0.0943125
1 0.224625 0.6280416666666666 0.067390625 0.11777083333333328
1 0.29196875 0.6603541666666667 0.04481250000000001 0.11985416666666661
1 0.23571875000000003 0.7147083333333334 0.09268749999999999 0.05889583333333329