0 0.67109375 0.9197916666666667 0.1203125 0.11458333333333333
0 0.73984375 0.8802083333333334 0.1015625 0.16041666666666668
0 0.596875 0.6395833333333334 0.075 0.12916666666666668
0 0.46562499999999996 0.5791666666666666 0.09375 0.1375
0 0.75 0.5458333333333334 0.10625 0.125
0 0.66953125 0.4302083333333333 0.0765625 0.13958333333333334
0 0.36015624999999996 0.30208333333333337 0.0515625 0.1375
0 0.11875000000000002 0.33333333333333337 0.128125 0.0875
0 0.9515625 0.36979166666666663 0.096875 0.10208333333333333
1 0.43046874999999996 0.40625 0.0921875 0.09166666666666666
1 0.90859375 0.6395833333333334 0.0765625 0.10416666666666667
1 0.21171874999999996 0.5020833333333333 0.0609375 0.12916666666666668
1 0.15078124999999998 0.43333333333333335 0.0828125 0.08333333333333333
1 0.23671874999999998 0.37187499999999996 0.0484375 0.12708333333333333
1 0.29140625 0.4552083333333333 0.0484375 0.14375
1 0.540625 0.37187499999999996 0.0625 0.11875
1 0.61640625 0.43333333333333335 0.0484375 0.13333333333333333
1 0.7578125 0.37083333333333335 0.0375 0.14166666666666666
1 0.79921875 0.3666666666666667 0.0515625 0.125
1 0.89375 0.43333333333333335 0.05 0.13333333333333333
1 0.025781249999999978 0.5479166666666666 0.0515625 0.11666666666666667
1 0.04843750000000002 0.4364583333333333 0.084375 0.11875
1 0.4859375 0.2833333333333333 0.040625 0.125
1 0.796875 0.16770833333333335 0.10625 0.09375
