0 0.67109375 0.08020833333333334 0.1203125 0.11458333333333333
0 0.73984375 0.11979166666666667 0.1015625 0.16041666666666668
0 0.596875 0.36041666666666666 0.075 0.12916666666666668
0 0.46562499999999996 0.42083333333333334 0.09375 0.1375
0 0.75 0.45416666666666666 0.10625 0.125
0 0.66953125 0.5697916666666667 0.0765625 0.13958333333333334
0 0.36015624999999996 0.6979166666666666 0.0515625 0.1375
0 0.11875000000000002 0.6666666666666666 0.128125 0.0875
0 0.9515625 0.6302083333333334 0.096875 0.10208333333333333
1 0.43046874999999996 0.59375 0.0921875 0.09166666666666666
1 0.90859375 0.36041666666666666 0.0765625 0.10416666666666667
1 0.21171874999999996 0.4979166666666667 0.0609375 0.12916666666666668
1 0.15078124999999998 0.5666666666666667 0.0828125 0.08333333333333333
1 0.23671874999999998 0.628125 0.0484375 0.12708333333333333
1 0.29140625 0.5447916666666667 0.0484375 0.14375
1 0.540625 0.628125 0.0625 0.11875
1 0.61640625 0.5666666666666667 0.0484375 0.13333333333333333
1 0.7578125 0.6291666666666667 0.0375 0.14166666666666666
1 0.79921875 0.6333333333333333 0.0515625 0.125
1 0.89375 0.5666666666666667 0.05 0.13333333333333333
1 0.025781249999999978 0.45208333333333334 0.0515625 0.11666666666666667
1 0.04843750000000002 0.5635416666666667 0.084375 0.11875
1 0.4859375 0.7166666666666667 0.040625 0.125
1 0.796875 0.8322916666666667 0.10625 0.09375
