0 0.41525 0.6561666666666667 0.08889062499999997 0.1551875
0 0.486484375 0.610125 0.09109374999999993 0.14027083333333343
0 0.643359375 0.6007291666666668 0.12017187499999996 0.07435416666666678
0 0.12323437500000001 0.6797291666666666 0.13020312499999998 0.07110416666666666
0 0.1993125 0.4817708333333333 0.08551562500000001 0.1502291666666667
0 0.23025 0.3563541666666667 0.07862499999999999 0.1576875
1 0.31415625 0.7045208333333334 0.08081250000000004 0.09154166666666655
1 0.34525 0.6430416666666667 0.066109375 0.11777083333333328
1 0.279625 0.4696875 0.11487499999999998 0.06564583333333332
1 0.411953125 0.49824999999999997 0.05517187499999996 0.1306458333333333
1 0.48835937500000004 0.45177083333333334 0.09484375000000007 0.09020833333333336
1 0.530859375 0.5442708333333334 0.09515624999999997 0.07479166666666662
1 0.61975 0.4138541666666667 0.1045 0.07268749999999997
1 0.784578125 0.4553125 0.08729687499999991 0.10979166666666665
1 0.8889531249999999 0.5171875 0.09146874999999995 0.08729166666666661
1 0.8339531250000001 0.6124166666666666 0.10103125000000004 0.09566666666666658
1 0.6844375 0.6842916666666666 0.08512500000000003 0.08141666666666675
1 0.80021875 0.7307708333333333 0.08145312500000008 0.10237499999999997
0 0.062921875 0.5692916666666666 0.07834375 0.12525
1 0.08651562499999998 0.3108958333333333 0.053656249999999996 0.14154166666666665
1 0.207609375 0.035625000000000004 0.07603124999999997 0.07125000000000001
1 0.41007812499999996 0.10004166666666667 0.06642187499999999 0.1132708333333333
1 0.17728125 0.7857708333333334 0.094578125 0.1043125000000001
1 0.0265625 0.7364583333333333 0.053125 0.10208333333333333
1 0.49617187500000004 0.7182499999999999 0.09576562499999994 0.0893125