0 0.73671875 0.571875 0.0890625 0.15625
0 0.8453125 0.38541666666666663 0.140625 0.0875
1 0.878125 0.5916666666666667 0.053125 0.15
1 0.77578125 0.721875 0.0671875 0.13125
1 0.715625 0.8260416666666667 0.065625 0.15208333333333332
1 0.78671875 0.95 0.0984375 0.09583333333333334
1 0.43359375 0.5791666666666666 0.0515625 0.14583333333333334
1 0.62421875 0.4145833333333333 0.1015625 0.1
1 0.671875 0.3260416666666667 0.065625 0.15208333333333332
0 0.2953125 0.7333333333333334 0.090625 0.17083333333333334
0 0.16640625 0.7 0.1171875 0.1375
1 0.26328125 0.6458333333333333 0.0890625 0.10416666666666667
1 0.3 0.3770833333333333 0.1 0.11666666666666667
1 0.16640625 0.44999999999999996 0.0796875 0.1125
1 0.21875 0.32499999999999996 0.084375 0.125
1 0.10859375 0.3270833333333333 0.0984375 0.0875
0 0.13515625 0.2427083333333333 0.1296875 0.11875
0 0.21328125 0.584375 0.0671875 0.14791666666666667
1 0.6046875 0.30208333333333337 0.078125 0.12083333333333333
1 0.68984375 0.14375000000000004 0.0796875 0.11666666666666667
1 0.78515625 0.20104166666666667 0.0859375 0.12291666666666666
0 0.8078125 0.2947916666666667 0.134375 0.07291666666666667
0 0.37890625 0.27604166666666663 0.0859375 0.09791666666666667
1 0.23046875 0.21354166666666663 0.1546875 0.10208333333333333
1 0.51328125 0.2833333333333333 0.0828125 0.10416666666666667
1 0.80546875 0.04166666666666663 0.2015625 0.07916666666666666
1 0.51875 0.2104166666666667 0.115625 0.08333333333333333
