0 0.26328125 0.428125 0.0890625 0.15625
0 0.15468749999999998 0.6145833333333334 0.140625 0.0875
1 0.12187499999999996 0.4083333333333333 0.053125 0.15
1 0.22421875000000002 0.278125 0.0671875 0.13125
1 0.28437500000000004 0.17395833333333333 0.065625 0.15208333333333332
1 0.21328124999999998 0.05 0.0984375 0.09583333333333334
1 0.56640625 0.42083333333333334 0.0515625 0.14583333333333334
1 0.37578124999999996 0.5854166666666667 0.1015625 0.1
1 0.328125 0.6739583333333333 0.065625 0.15208333333333332
0 0.7046875 0.26666666666666666 0.090625 0.17083333333333334
0 0.83359375 0.3 0.1171875 0.1375
1 0.73671875 0.3541666666666667 0.0890625 0.10416666666666667
1 0.7 0.6229166666666667 0.1 0.11666666666666667
1 0.83359375 0.55 0.0796875 0.1125
1 0.78125 0.675 0.084375 0.125
1 0.89140625 0.6729166666666667 0.0984375 0.0875
0 0.86484375 0.7572916666666667 0.1296875 0.11875
0 0.78671875 0.415625 0.0671875 0.14791666666666667
1 0.39531249999999996 0.6979166666666666 0.078125 0.12083333333333333
1 0.31015625 0.85625 0.0796875 0.11666666666666667
1 0.21484375 0.7989583333333333 0.0859375 0.12291666666666666
0 0.19218749999999996 0.7052083333333333 0.134375 0.07291666666666667
0 0.62109375 0.7239583333333334 0.0859375 0.09791666666666667
1 0.76953125 0.7864583333333334 0.1546875 0.10208333333333333
1 0.48671875 0.7166666666666667 0.0828125 0.10416666666666667
1 0.19453125000000004 0.9583333333333334 0.2015625 0.07916666666666666
1 0.48124999999999996 0.7895833333333333 0.115625 0.08333333333333333
