0 0.522265625 0.4221875 0.08451562500000005 0.13937500000000008
0 0.3455625 0.6926249999999999 0.09699999999999998 0.14475000000000005
0 0.170109375 0.1794375 0.07395312499999998 0.1580416666666667
0 0.15495312499999997 0.741375 0.10926562499999999 0.12222916666666658
1 0.23040625 0.5546875 0.10081249999999997 0.07895833333333328
1 0.32540625 0.06754166666666667 0.07829687500000002 0.12177083333333334
1 0.6653749999999999 0.18631250000000002 0.10325000000000006 0.10095833333333334
1 0.493359375 0.3106875 0.06734375000000004 0.12112499999999997
1 0.5721093749999999 0.35258333333333336 0.04232812500000005 0.12518750000000006
1 0.433984375 0.4663333333333333 0.06109375000000004 0.12231249999999996
1 0.395078125 0.5665833333333333 0.073921875 0.1073333333333333
1 0.5250781250000001 0.5795 0.08389062499999991 0.09149999999999991
1 0.64709375 0.5190833333333333 0.0998125 0.16231250000000005
1 0.7778749999999999 0.581375 0.05426562499999994 0.12441666666666672
1 0.77271875 0.7099166666666666 0.06145312500000007 0.12266666666666666
1 0.9059843750000001 0.5722083333333334 0.114453125 0.07274999999999991
1 0.9320625 0.4976041666666667 0.09476562500000014 0.08189583333333333
1 0.871453125 0.36174999999999996 0.09853124999999992 0.07685416666666664
1 0.7569375 0.3765625 0.05237499999999997 0.14393750000000008
1 0.7570781249999999 0.03666666666666667 0.08229687499999994 0.07333333333333333
1 0.22415625 0.34152083333333333 0.05082812500000002 0.15943749999999998
1 0.21259375 0.6459583333333333 0.071453125 0.09527083333333337
1 0.27853125 0.6549375000000001 0.04042187500000001 0.13402083333333342
1 0.082296875 0.657 0.09209375 0.07016666666666656
1 0.469609375 0.7034791666666667 0.08234375000000008 0.09362499999999987
1 0.518046875 0.6768125 0.047968750000000074 0.12362500000000007
0 0.5814843749999999 0.6393125000000001 0.09390625000000004 0.1319375000000001
1 0.29228125 0.7784791666666667 0.12456250000000005 0.06637500000000003
1 0.404921875 0.8399375 0.11171875 0.06927083333333334
1 0.42507812500000003 0.7734791666666666 0.04642187500000006 0.11697916666666662