0 0.9671875 0.521875 0.065625 0.16458333333333333
0 0.6078125 0.66875 0.096875 0.1375
0 0.5484375 0.46354166666666663 0.053125 0.16041666666666668
0 0.7234375 0.33958333333333335 0.059375 0.1625
0 0.3765625 0.384375 0.115625 0.08125
0 0.3421875 0.2635416666666667 0.084375 0.15625
0 0.9234375 0.27604166666666663 0.103125 0.15208333333333332
1 0.828125 0.2958333333333333 0.05 0.125
1 0.79375 0.3416666666666667 0.084375 0.11666666666666667
1 0.7890625 0.4364583333333333 0.065625 0.12291666666666666
1 0.63515625 0.32499999999999996 0.0671875 0.1125
1 0.49921875000000004 0.24583333333333335 0.0515625 0.13333333333333333
1 0.51875 0.36875 0.06875 0.12083333333333333
1 0.44453125000000004 0.4072916666666667 0.0921875 0.09375
1 0.29374999999999996 0.4520833333333333 0.109375 0.06666666666666667
1 0.26484375000000004 0.38020833333333337 0.0984375 0.05625
1 0.171875 0.4239583333333333 0.053125 0.14375
1 0.12343749999999998 0.546875 0.06875 0.11875
1 0.23124999999999996 0.5770833333333334 0.1 0.125
1 0.28125 0.5479166666666666 0.053125 0.12083333333333333
1 0.27890625 0.8489583333333334 0.0890625 0.13541666666666666
1 0.534375 0.725 0.1 0.07083333333333333
1 0.58125 0.8510416666666667 0.053125 0.11875
1 0.07578125000000002 0.23333333333333328 0.0890625 0.1
1 0.68046875 0.21250000000000002 0.0953125 0.0625
