0 0.38664062499999996 0.39445833333333336 0.07579687499999999 0.14527083333333338
0 0.31275 0.4634375 0.06862500000000002 0.16356249999999997
0 0.470703125 0.08672916666666669 0.050156250000000034 0.16010416666666666
0 0.547734375 0.30904166666666666 0.0635781249999999 0.1589166666666667
0 0.64959375 0.6084583333333333 0.05481250000000006 0.1536041666666667
0 0.68990625 0.7447083333333333 0.1207968750000001 0.11556250000000005
1 0.3680625 0.5555416666666667 0.04798437499999997 0.13941666666666663
1 0.428359375 0.513875 0.049843749999999964 0.12272916666666672
1 0.443046875 0.652625 0.06046875000000007 0.1247708333333333
1 0.460546875 0.40114583333333337 0.04546875000000004 0.13479166666666664
1 0.505078125 0.39737500000000003 0.05609374999999996 0.1144166666666667
1 0.439765625 0.277375 0.09453125 0.09556250000000001
1 0.455546875 0.2069375 0.08951562499999995 0.06304166666666665
1 0.28696875 0.1600625 0.05479687499999999 0.17345833333333338
1 0.641 0.07983333333333333 0.05950000000000007 0.13385416666666666
1 0.7645781250000001 0.1256875 0.08479687500000006 0.10885416666666667
1 0.599125 0.2419375 0.10075000000000003 0.08306250000000001
1 0.61646875 0.4671875 0.08856249999999992 0.09604166666666672
1 0.7194375 0.597 0.047609375000000044 0.14316666666666672
1 0.7805156249999999 0.4921875 0.06042187500000003 0.12939583333333335
1 0.8336406249999999 0.5134583333333335 0.045828124999999886 0.14689583333333336
1 0.8967656249999999 0.6867916666666667 0.10539062500000007 0.056416666666666754
1 0.223390625 0.7943125 0.11009374999999996 0.05804166666666669