0 0.8609375 0.7895833333333333 0.065625 0.1625
0 0.6328125 0.7083333333333333 0.09375 0.15
0 0.63984375 0.8104166666666667 0.0953125 0.11666666666666667
0 0.49609375 0.5770833333333334 0.0984375 0.1875
0 0.73671875 0.5291666666666667 0.0703125 0.16666666666666666
0 0.72265625 0.3104166666666667 0.0796875 0.1125
0 0.5578125 0.26875000000000004 0.128125 0.07916666666666666
1 0.83125 0.38020833333333337 0.05625 0.12708333333333333
1 0.871875 0.29270833333333335 0.046875 0.13125
1 0.9328125 0.30625 0.09375 0.09583333333333334
1 0.975 0.353125 0.05 0.13958333333333334
1 0.51015625 0.390625 0.0734375 0.13125
1 0.64921875 0.40312499999999996 0.1171875 0.06458333333333334
1 0.39375000000000004 0.5291666666666667 0.05625 0.1375
1 0.21640625000000002 0.5479166666666666 0.0765625 0.10833333333333334
1 0.15078124999999998 0.5166666666666666 0.0859375 0.1
1 0.27812499999999996 0.4135416666666667 0.09375 0.08958333333333333
1 0.23750000000000004 0.3364583333333333 0.05 0.15208333333333332
1 0.06406250000000002 0.2416666666666667 0.090625 0.06666666666666667
1 0.7890625 0.878125 0.084375 0.11041666666666666
1 0.8859375 0.9416666666666667 0.046875 0.11666666666666667
1 0.4703125 0.8447916666666666 0.103125 0.07708333333333334
1 0.07499999999999996 0.8822916666666667 0.05625 0.13125
1 0.20390624999999996 0.26041666666666663 0.0640625 0.125
