0 0.547265625 0.29675 0.07201562500000006 0.14683333333333337
0 0.41290625 0.7049166666666667 0.05920312499999998 0.16600000000000012
0 0.26775000000000004 0.2615416666666667 0.09112499999999998 0.16391666666666665
0 0.5932031249999999 0.40279166666666666 0.07985937500000002 0.14524999999999993
0 0.62646875 0.31820833333333337 0.07856249999999995 0.14391666666666664
0 0.7811562500000001 0.7134583333333333 0.12581250000000005 0.0863958333333334
1 0.049171875 0.5888541666666666 0.07584374999999999 0.12729166666666672
1 0.183375 0.18277083333333335 0.08489062500000003 0.06470833333333334
1 0.409765625 0.331125 0.04704687500000002 0.12808333333333338
1 0.358375 0.43572916666666667 0.072359375 0.12895833333333329
1 0.489453125 0.5271875 0.10015625000000003 0.06606250000000001
1 0.533828125 0.6551458333333334 0.05139062499999998 0.1636041666666666
1 0.647875 0.5453125 0.09824999999999999 0.07687499999999996
1 0.7864531250000001 0.4909375 0.06604687500000006 0.11856250000000006
1 0.8591093750000001 0.5867708333333332 0.10426562500000003 0.07310416666666673
1 0.94846875 0.4657291666666667 0.07445312500000015 0.12229166666666665
1 0.66553125 0.6428333333333334 0.08204687499999999 0.11518749999999993
1 0.614125 0.6703541666666666 0.055749999999999925 0.12318749999999999
1 0.57521875 0.6265833333333333 0.051078125000000085 0.13402083333333342
1 0.254328125 0.643875 0.09198437500000001 0.08391666666666661
1 0.5307031249999999 0.16608333333333333 0.09234375000000003 0.08531249999999999
1 0.715375 0.04604166666666667 0.09175000000000004 0.09208333333333334
1 0.74115625 0.3050625 0.09331250000000005 0.08652083333333331
1 0.855984375 0.6955625 0.04803125000000001 0.10279166666666674
1 0.44898437500000005 0.8691041666666667 0.13109374999999995 0.07760416666666667
1 0.735828125 0.7909791666666667 0.112296875 0.06470833333333322
1 0.48773437499999994 0.31945833333333334 0.05609374999999996 0.1480833333333333