0 0.8390625 0.17916666666666667 0.09375 0.14166666666666666
0 0.72890625 0.6552083333333333 0.0734375 0.16041666666666668
0 0.08671874999999996 0.5760416666666667 0.0953125 0.13125
1 0.47343749999999996 0.415625 0.090625 0.06041666666666667
1 0.7515625 0.2604166666666667 0.05625 0.14583333333333334
1 0.640625 0.559375 0.1 0.09791666666666667
1 0.8 0.528125 0.04375 0.12291666666666666
1 0.91953125 0.459375 0.0671875 0.10625
1 0.95078125 0.5760416666666667 0.0734375 0.09791666666666667
0 0.84921875 0.5916666666666667 0.1171875 0.08333333333333333
1 0.66328125 0.6739583333333333 0.0578125 0.13125
1 0.50078125 0.7104166666666667 0.0890625 0.075
1 0.4140625 0.6583333333333333 0.065625 0.11666666666666667
1 0.4828125 0.6322916666666667 0.071875 0.11041666666666666
1 0.40156250000000004 0.53125 0.05 0.17083333333333334
1 0.36640625000000004 0.690625 0.0640625 0.13541666666666666
1 0.25546875 0.653125 0.1046875 0.07708333333333334
1 0.22812500000000002 0.5510416666666667 0.05 0.13958333333333334
1 0.16249999999999998 0.546875 0.05 0.15625
1 0.11640625000000004 0.4510416666666667 0.0578125 0.13958333333333334
1 0.04531249999999998 0.4895833333333333 0.090625 0.06666666666666667
1 0.56015625 0.06770833333333333 0.0421875 0.13541666666666666
0 0.4625 0.059375 0.08125 0.11875
1 0.57890625 0.721875 0.0546875 0.11041666666666666
1 0.88515625 0.6927083333333334 0.0984375 0.08125
