0 0.3293125 0.08087499999999999 0.12048437500000002 0.11510416666666665
0 0.260875 0.1200625 0.10237499999999997 0.160125
0 0.403984375 0.3607083333333333 0.076109375 0.12893749999999998
0 0.534921875 0.42135416666666664 0.09420312499999994 0.13770833333333338
0 0.250875 0.45447916666666666 0.10737500000000003 0.12479166666666662
0 0.3311875 0.5701041666666666 0.07575000000000003 0.1397916666666667
0 0.6402187500000001 0.6992916666666668 0.05142187499999995 0.13808333333333328
0 0.881609375 0.6676458333333334 0.12820312499999992 0.08860416666666661
0 0.049062499999999995 0.6309583333333334 0.09812499999999999 0.10143750000000011
1 0.56975 0.5942916666666667 0.09201562499999998 0.09191666666666667
1 0.092140625 0.3607083333333333 0.07740624999999998 0.10443749999999999
1 0.7887968750000001 0.49864583333333334 0.06135937500000006 0.1298125
1 0.8495781250000001 0.5670000000000001 0.0827031250000001 0.08316666666666664
1 0.7637968749999999 0.6284583333333333 0.04885937499999997 0.1269374999999999
1 0.70896875 0.5459583333333333 0.048562500000000064 0.14525000000000005
1 0.46023437500000003 0.6288750000000001 0.06359375000000007 0.11943750000000009
1 0.38446875 0.5678333333333333 0.047328124999999985 0.1348333333333334
1 0.24290625000000002 0.6303333333333333 0.03667187499999995 0.14318750000000005
1 0.2011875 0.6340833333333333 0.051765624999999996 0.1256875000000001
1 0.10682812500000001 0.5670000000000001 0.04946874999999999 0.13316666666666663
1 0.974375 0.453 0.05124999999999993 0.11566666666666663
1 0.9520625 0.5640833333333333 0.084765625 0.11900000000000001
1 0.514296875 0.7174375000000001 0.04046874999999996 0.1257083333333334
1 0.20368750000000002 0.8330625 0.10676562499999998 0.09220833333333331