0 0.8703125 0.48750000000000004 0.109375 0.10416666666666667
0 0.89609375 0.8635416666666667 0.0796875 0.15625
0 0.484375 0.42708333333333337 0.084375 0.15416666666666667
0 0.70390625 0.4760416666666667 0.0671875 0.16041666666666668
0 0.140625 0.453125 0.1375 0.08541666666666667
0 0.8796875 0.3666666666666667 0.115625 0.13333333333333333
0 0.7078125 0.24375000000000002 0.078125 0.12916666666666668
1 0.975 0.7427083333333333 0.04375 0.11875
1 0.7828125 0.8479166666666667 0.053125 0.14166666666666666
1 0.790625 0.5489583333333333 0.05 0.15625
1 0.5734375 0.37187499999999996 0.075 0.11041666666666666
1 0.634375 0.30104166666666665 0.0625 0.10625
1 0.13906249999999998 0.3427083333333333 0.053125 0.11875
1 0.038281250000000044 0.6010416666666667 0.0734375 0.11875
1 0.21484375 0.28541666666666665 0.0984375 0.09166666666666666
1 0.11562499999999998 0.2572916666666667 0.08125 0.10208333333333333
1 0.4375 0.15833333333333333 0.05625 0.12083333333333333
1 0.8640625 0.203125 0.1125 0.08541666666666667
0 0.93671875 0.628125 0.1265625 0.10625
0 0.528125 0.2427083333333333 0.0875 0.11875
0 0.971875 0.39583333333333337 0.05625 0.14166666666666666
1 0.02734375 0.3302083333333333 0.0546875 0.12708333333333333
