0 0.8703125 0.5125 0.109375 0.10416666666666667
0 0.89609375 0.13645833333333332 0.0796875 0.15625
0 0.484375 0.5729166666666666 0.084375 0.15416666666666667
0 0.70390625 0.5239583333333333 0.0671875 0.16041666666666668
0 0.140625 0.546875 0.1375 0.08541666666666667
0 0.8796875 0.6333333333333333 0.115625 0.13333333333333333
0 0.7078125 0.75625 0.078125 0.12916666666666668
1 0.975 0.25729166666666664 0.04375 0.11875
1 0.7828125 0.15208333333333332 0.053125 0.14166666666666666
1 0.790625 0.4510416666666667 0.05 0.15625
1 0.5734375 0.628125 0.075 0.11041666666666666
1 0.634375 0.6989583333333333 0.0625 0.10625
1 0.13906249999999998 0.6572916666666667 0.053125 0.11875
1 0.038281250000000044 0.39895833333333336 0.0734375 0.11875
1 0.21484375 0.7145833333333333 0.0984375 0.09166666666666666
1 0.11562499999999998 0.7427083333333333 0.08125 0.10208333333333333
1 0.4375 0.8416666666666667 0.05625 0.12083333333333333
1 0.8640625 0.796875 0.1125 0.08541666666666667
0 0.93671875 0.371875 0.1265625 0.10625
0 0.528125 0.7572916666666667 0.0875 0.11875
0 0.971875 0.6041666666666666 0.05625 0.14166666666666666
1 0.02734375 0.6697916666666667 0.0546875 0.12708333333333333
