0 0.746875 0.5520833333333333 0.06875 0.1625
0 0.4421875 0.5708333333333333 0.121875 0.10833333333333334
0 0.34140625 0.65625 0.1109375 0.14166666666666666
0 0.22734375 0.55 0.0546875 0.15416666666666667
0 0.16875 0.6864583333333334 0.11875 0.12291666666666666
1 0.2875 0.8822916666666667 0.10625 0.07708333333333334
1 0.6 0.4614583333333333 0.06875 0.13125
1 0.54375 0.4395833333333333 0.059375 0.15
1 0.41015625 0.38541666666666663 0.0515625 0.14583333333333334
1 0.165625 0.46562499999999996 0.065625 0.13958333333333334
1 0.85859375 0.4708333333333333 0.1046875 0.10416666666666667
1 0.778125 0.41145833333333337 0.059375 0.13125
0 0.690625 0.3833333333333333 0.10625 0.14583333333333334
1 0.35078125 0.375 0.0734375 0.09583333333333334
1 0.90625 0.34375 0.08125 0.11666666666666667
1 0.4875 0.4239583333333333 0.09375 0.10208333333333333
1 0.61953125 0.33125000000000004 0.0734375 0.14166666666666666
1 0.28359375 0.6635416666666667 0.0671875 0.13125
1 0.2453125 0.3770833333333333 0.084375 0.17916666666666667
1 0.10546875 0.3135416666666667 0.0984375 0.08958333333333333
1 0.3328125 0.22395833333333337 0.096875 0.08541666666666667
1 0.03828125 0.30625 0.0765625 0.10833333333333334
1 0.17578125 0.31770833333333337 0.0515625 0.12708333333333333
1 0.54296875 0.3114583333333333 0.0890625 0.10625
