0 0.25312500000000004 0.4479166666666667 0.06875 0.1625
0 0.5578125 0.42916666666666664 0.121875 0.10833333333333334
0 0.65859375 0.34375 0.1109375 0.14166666666666666
0 0.77265625 0.45 0.0546875 0.15416666666666667
0 0.83125 0.31354166666666666 0.11875 0.12291666666666666
1 0.7125 0.11770833333333333 0.10625 0.07708333333333334
1 0.4 0.5385416666666667 0.06875 0.13125
1 0.45625000000000004 0.5604166666666667 0.059375 0.15
1 0.58984375 0.6145833333333334 0.0515625 0.14583333333333334
1 0.834375 0.534375 0.065625 0.13958333333333334
1 0.14140624999999996 0.5291666666666667 0.1046875 0.10416666666666667
1 0.22187500000000004 0.5885416666666666 0.059375 0.13125
0 0.30937499999999996 0.6166666666666667 0.10625 0.14583333333333334
1 0.64921875 0.625 0.0734375 0.09583333333333334
1 0.09375 0.65625 0.08125 0.11666666666666667
1 0.5125 0.5760416666666667 0.09375 0.10208333333333333
1 0.38046875 0.66875 0.0734375 0.14166666666666666
1 0.71640625 0.33645833333333336 0.0671875 0.13125
1 0.7546875 0.6229166666666667 0.084375 0.17916666666666667
1 0.89453125 0.6864583333333333 0.0984375 0.08958333333333333
1 0.6671875 0.7760416666666666 0.096875 0.08541666666666667
1 0.96171875 0.69375 0.0765625 0.10833333333333334
1 0.82421875 0.6822916666666666 0.0515625 0.12708333333333333
1 0.45703125 0.6885416666666667 0.0890625 0.10625
