0 0.73703125 0.42883333333333334 0.08879687500000007 0.15612499999999999
0 0.8463906250000001 0.6152708333333333 0.14071874999999992 0.08624999999999995
1 0.878546875 0.4088333333333333 0.05326562499999987 0.15041666666666664
1 0.776421875 0.279375 0.066609375 0.13243749999999999
1 0.7165625 0.17541666666666667 0.06607812499999995 0.15179166666666663
1 0.7871718750000001 0.05158333333333334 0.09860937500000003 0.09647916666666667
1 0.43401562499999996 0.421875 0.05223437499999992 0.1443541666666667
1 0.6255625 0.5870625 0.1015625 0.09970833333333336
1 0.672984375 0.6756041666666667 0.06473437499999993 0.15179166666666669
0 0.295953125 0.26785416666666667 0.08968749999999996 0.16964583333333336
0 0.16689062500000001 0.3005625 0.11709375 0.13695833333333335
1 0.263390625 0.3549166666666667 0.08928124999999998 0.10564583333333329
1 0.30078125 0.62425 0.09932812499999999 0.11756249999999989
1 0.16728125 0.5515208333333333 0.07839062500000002 0.11195833333333335
1 0.21931250000000002 0.6756041666666667 0.08370312499999999 0.125
1 0.10953125 0.6745 0.09932812499999999 0.08779166666666664
0 0.13571875 0.7581041666666667 0.12865625 0.12035416666666662
0 0.21360937500000002 0.4164791666666667 0.06734375000000001 0.14727083333333332
1 0.60490625 0.6986666666666667 0.078125 0.1205416666666667
1 0.69084375 0.8571458333333334 0.08035937499999993 0.11606250000000008
1 0.7862656250000001 0.7998541666666666 0.08593750000000008 0.12352083333333326
0 0.8083281250000001 0.7061666666666666 0.13353125000000005 0.07181250000000006
0 0.37890625 0.7247083333333334 0.0859375 0.0982083333333333
1 0.23157812500000002 0.7879375 0.15514062500000003 0.10268749999999992
1 0.513953125 0.7172708333333334 0.08146874999999998 0.10416666666666667
1 0.8063593750000001 0.9598125 0.20201562499999995 0.08035416666666677
1 0.51953125 0.7909166666666666 0.1149531249999999 0.08185416666666659