0 0.033859375000000004 0.47925000000000006 0.066484375 0.16483333333333341
0 0.39242187500000003 0.332375 0.09673437500000004 0.1389375
0 0.45242187500000003 0.5367916666666667 0.05421875000000007 0.16024999999999998
0 0.277125 0.6616041666666667 0.05987499999999999 0.1640416666666667
0 0.62396875 0.6159583333333334 0.11606249999999996 0.08143750000000007
0 0.65865625 0.737625 0.08329687500000009 0.15474999999999994
0 0.077453125 0.7245 0.10428124999999999 0.15183333333333332
1 0.17276562499999998 0.7045208333333334 0.05114062499999998 0.12487499999999987
1 0.20728125 0.6588958333333333 0.08457812499999999 0.1161041666666667
1 0.21150000000000002 0.5647083333333334 0.06614062499999998 0.12441666666666672
1 0.3655625 0.6759583333333333 0.06798437499999999 0.1114166666666667
1 0.501171875 0.7549375 0.051718750000000036 0.13406250000000006
1 0.48148437499999996 0.632 0.06859374999999997 0.12018750000000011
1 0.555703125 0.5932499999999999 0.09234375000000003 0.09400000000000001
1 0.7069375 0.5484583333333333 0.11010937500000004 0.06689583333333336
1 0.73584375 0.620125 0.09768749999999997 0.056437500000000064
1 0.828484375 0.5765833333333333 0.0530156250000001 0.14400000000000002
1 0.8772343749999999 0.45385416666666667 0.06946875000000005 0.11937500000000002
1 0.7692656250000001 0.42385416666666664 0.10042187500000006 0.12604166666666666
1 0.719125 0.4528125 0.05323437500000008 0.12145833333333336
1 0.7219375 0.1519375 0.09010937499999994 0.13637499999999997
1 0.466484375 0.27591666666666664 0.10109375000000007 0.07181250000000003
1 0.419140625 0.14922916666666666 0.05329687500000002 0.11845833333333335
1 0.92471875 0.7678541666666666 0.089453125 0.1015625
1 0.32103125 0.7884791666666667 0.09543749999999998 0.06304166666666665