0 0.16328125 0.2875 0.0921875 0.125
0 0.27578125 0.24375000000000002 0.1046875 0.125
0 0.41875 0.4552083333333333 0.08125 0.16041666666666668
1 0.35078125 0.43125 0.0515625 0.14166666666666666
1 0.46875 0.5739583333333333 0.1125 0.08125
1 0.6484375 0.33854166666666663 0.059375 0.18958333333333333
1 0.7640625 0.3927083333333333 0.05 0.13958333333333334
1 0.8484375 0.4041666666666667 0.096875 0.0625
1 0.8328125 0.30625 0.09375 0.09583333333333334
1 0.9015625 0.25625 0.065625 0.14166666666666666
1 0.87578125 0.6958333333333333 0.0984375 0.058333333333333334
1 0.934375 0.6177083333333333 0.103125 0.06458333333333334
1 0.21640625 0.47916666666666663 0.0484375 0.10833333333333334
1 0.24609375 0.36354166666666665 0.0484375 0.12291666666666666
1 0.328125 0.3291666666666667 0.0875 0.09166666666666666
1 0.20078125 0.3572916666666667 0.0578125 0.13541666666666666
1 0.15234375 0.43333333333333335 0.0671875 0.1125
1 0.090625 0.5208333333333333 0.0875 0.075
1 0.1296875 0.603125 0.05625 0.13125
1 0.0515625 0.6510416666666667 0.053125 0.12291666666666666
1 0.04765625 0.47916666666666663 0.0921875 0.11666666666666667
1 0.04453125 0.34062499999999996 0.0890625 0.11041666666666666
1 0.10703125 0.30000000000000004 0.0515625 0.125
