0 0.139328125 0.2106875 0.06551562500000001 0.16222916666666667
0 0.367578125 0.2927916666666667 0.09392187500000002 0.15141666666666667
0 0.360546875 0.1900625 0.09548437500000002 0.11679166666666667
0 0.504765625 0.42322916666666666 0.09951562499999991 0.18729166666666675
0 0.264 0.4715625 0.07112499999999997 0.1673125
0 0.27790625 0.6903541666666667 0.07917187500000003 0.1132083333333334
0 0.44243750000000004 0.7324166666666667 0.12826562500000005 0.07764583333333329
1 0.169640625 0.620125 0.05739062499999999 0.1269374999999999
1 0.128546875 0.7084583333333333 0.047093750000000024 0.12974999999999995
1 0.067609375 0.6945 0.09396875 0.09516666666666657
1 0.02515625 0.6472291666666667 0.0503125 0.1394374999999999
1 0.490078125 0.6103333333333333 0.07390624999999992 0.12985416666666674
1 0.35148437499999996 0.5976250000000001 0.11610937500000004 0.0652500000000001
1 0.60709375 0.47175 0.05732812499999991 0.13647916666666665
1 0.783796875 0.45258333333333334 0.07635937499999992 0.10814583333333326
1 0.849734375 0.4844791666666667 0.08551562500000003 0.09856250000000007
1 0.7224062499999999 0.5876041666666667 0.09417187499999997 0.0881041666666666
1 0.7630312499999999 0.6642916666666667 0.04957812500000003 0.1514375000000001
1 0.936140625 0.7595208333333333 0.09084375000000015 0.06514583333333329
1 0.211515625 0.12295833333333334 0.08384374999999997 0.10908333333333334
1 0.11464062500000001 0.05854166666666667 0.047406250000000004 0.11708333333333334
1 0.530546875 0.15629166666666666 0.10295312499999998 0.07574999999999998
1 0.925828125 0.11797916666666668 0.05521874999999987 0.1309375
1 0.7964687500000001 0.7405625 0.06395312500000001 0.12612499999999993