0 0.1125 0.3447916666666667 0.11875 0.07291666666666667
0 0.05546875 0.2583333333333333 0.1109375 0.0875
0 0.1234375 0.8479166666666667 0.06875 0.16666666666666666
0 0.3765625 0.6770833333333333 0.078125 0.16666666666666666
0 0.57890625 0.6166666666666667 0.1265625 0.1
0 0.3328125 0.2833333333333333 0.1125 0.13333333333333333
1 0.08828125 0.5354166666666667 0.0546875 0.12916666666666668
1 0.14921875 0.5489583333333333 0.0515625 0.12291666666666666
1 0.25078125 0.5177083333333333 0.0953125 0.07708333333333334
1 0.121875 0.42500000000000004 0.1 0.06666666666666667
1 0.3265625 0.47395833333333337 0.05625 0.12708333333333333
1 0.42734375 0.34062499999999996 0.0578125 0.13125
1 0.19609375 0.1958333333333333 0.0640625 0.125
1 0.48984375 0.303125 0.0421875 0.12291666666666666
1 0.61875 0.30104166666666665 0.075 0.11458333333333333
1 0.6921875 0.31875 0.065625 0.125
1 0.525 0.45833333333333337 0.10625 0.058333333333333334
1 0.753125 0.5677083333333333 0.0625 0.13541666666666666
1 0.86328125 0.7010416666666667 0.0953125 0.10208333333333333
1 0.265625 0.7729166666666667 0.0875 0.07916666666666666
1 0.26796875 0.91875 0.0796875 0.1
1 0.534375 0.30625 0.05 0.13333333333333333
1 0.9171875 0.28437500000000004 0.046875 0.13958333333333334
1 0.975 0.44791666666666663 0.05 0.13333333333333333
1 0.94375 0.5895833333333333 0.05625 0.11666666666666667
1 0.5921875 0.715625 0.078125 0.12291666666666666
1 0.1921875 0.4125 0.046875 0.125
1 0.0390625 0.47916666666666663 0.078125 0.0875
