0 0.8875 0.6552083333333333 0.11875 0.07291666666666667
0 0.94453125 0.7416666666666667 0.1109375 0.0875
0 0.8765625 0.15208333333333332 0.06875 0.16666666666666666
0 0.6234375 0.3229166666666667 0.078125 0.16666666666666666
0 0.42109375000000004 0.38333333333333336 0.1265625 0.1
0 0.6671875 0.7166666666666667 0.1125 0.13333333333333333
1 0.91171875 0.46458333333333335 0.0546875 0.12916666666666668
1 0.85078125 0.4510416666666667 0.0515625 0.12291666666666666
1 0.74921875 0.4822916666666667 0.0953125 0.07708333333333334
1 0.878125 0.575 0.1 0.06666666666666667
1 0.6734375 0.5260416666666666 0.05625 0.12708333333333333
1 0.57265625 0.659375 0.0578125 0.13125
1 0.80390625 0.8041666666666667 0.0640625 0.125
1 0.51015625 0.696875 0.0421875 0.12291666666666666
1 0.38125 0.6989583333333333 0.075 0.11458333333333333
1 0.30781250000000004 0.68125 0.065625 0.125
1 0.475 0.5416666666666666 0.10625 0.058333333333333334
1 0.24687499999999996 0.4322916666666667 0.0625 0.13541666666666666
1 0.13671875 0.2989583333333333 0.0953125 0.10208333333333333
1 0.734375 0.22708333333333333 0.0875 0.07916666666666666
1 0.73203125 0.08125 0.0796875 0.1
1 0.46562499999999996 0.69375 0.05 0.13333333333333333
1 0.08281249999999996 0.715625 0.046875 0.13958333333333334
1 0.025000000000000022 0.5520833333333334 0.05 0.13333333333333333
1 0.05625000000000002 0.41041666666666665 0.05625 0.11666666666666667
1 0.4078125 0.284375 0.078125 0.12291666666666666
1 0.8078125 0.5875 0.046875 0.125
1 0.9609375 0.5208333333333334 0.078125 0.0875
