0 0.16135937500000003 0.18027083333333332 0.09395312500000001 0.14304166666666665
0 0.27149999999999996 0.6561875 0.07362500000000001 0.16152083333333328
0 0.9139531249999999 0.5772083333333333 0.09601562500000008 0.13275000000000006
1 0.527421875 0.41635416666666664 0.09170312499999991 0.06102083333333338
1 0.24884374999999997 0.2607083333333333 0.05643750000000001 0.1455833333333333
1 0.359609375 0.5603125 0.09985937500000004 0.096875
1 0.20024999999999998 0.5292708333333334 0.04364062500000001 0.1214583333333333
1 0.08089062500000001 0.46010416666666665 0.06740625 0.10687500000000003
1 0.049953125 0.5763750000000001 0.07428125 0.09774999999999998
0 0.151515625 0.5928125000000001 0.11634374999999997 0.08185416666666659
1 0.33696875 0.675125 0.05767187500000004 0.12974999999999995
1 0.49976562500000005 0.7109791666666666 0.08953124999999992 0.07529166666666663
1 0.58646875 0.6595 0.06607812499999995 0.11516666666666661
1 0.518046875 0.6330416666666667 0.07295312499999991 0.11110416666666675
1 0.59959375 0.5317916666666667 0.04982812499999998 0.17025000000000007
1 0.63396875 0.6909791666666667 0.06392187499999995 0.13529166666666653
1 0.7453593749999999 0.6542916666666667 0.10573437499999994 0.07860416666666671
1 0.772078125 0.5517916666666667 0.049796875000000004 0.14024999999999993
1 0.838015625 0.5480416666666666 0.050406249999999986 0.15775000000000006
1 0.8842656249999999 0.45177083333333334 0.05709374999999994 0.14020833333333335
1 0.9553593749999999 0.4901041666666667 0.08928125000000016 0.06687500000000005
1 0.44085937499999994 0.06791666666666667 0.042343750000000034 0.13583333333333333
0 0.538359375 0.059583333333333335 0.08015624999999993 0.11916666666666667
1 0.42165625 0.7228541666666667 0.05420312500000004 0.1115416666666666
1 0.115109375 0.6930625 0.09851562499999998 0.08110416666666656