0 0.34765625 0.4385416666666667 0.0546875 0.16458333333333333
0 0.7125 0.4666666666666667 0.05625 0.17083333333333334
0 0.52890625 0.6302083333333333 0.0828125 0.14375
1 0.9625 0.40312499999999996 0.046875 0.13958333333333334
1 0.8078125 0.4041666666666667 0.040625 0.14166666666666666
1 0.7234375 0.625 0.096875 0.09166666666666666
1 0.6078125 0.665625 0.0625 0.12291666666666666
1 0.20859375000000002 0.7760416666666666 0.1140625 0.06041666666666667
1 0.24765625000000002 0.6010416666666667 0.0734375 0.11458333333333333
1 0.09687500000000004 0.5177083333333333 0.0625 0.13125
1 0.27265625000000004 0.42500000000000004 0.0859375 0.12083333333333333
1 0.07265624999999998 0.30729166666666663 0.1015625 0.08541666666666667
1 0.021093750000000022 0.47291666666666665 0.0421875 0.1375
1 0.52109375 0.44166666666666665 0.0390625 0.13333333333333333
1 0.60703125 0.5229166666666667 0.0671875 0.14583333333333334
1 0.5421875 0.36875 0.053125 0.12083333333333333
1 0.44609374999999996 0.3770833333333333 0.0984375 0.07083333333333333
1 0.42109375000000004 0.5010416666666666 0.0640625 0.11458333333333333
1 0.47578125000000004 0.4760416666666667 0.0390625 0.12708333333333333
1 0.55078125 0.5458333333333334 0.0828125 0.075
1 0.896875 0.4125 0.05 0.12916666666666668
0 0.6328125 0.4302083333333333 0.10625 0.11875
1 0.46875 0.321875 0.103125 0.06875
1 0.23281249999999998 0.28437500000000004 0.05625 0.11875
