0 0.65234375 0.4385416666666667 0.0546875 0.16458333333333333
0 0.2875 0.4666666666666667 0.05625 0.17083333333333334
0 0.47109375 0.6302083333333333 0.0828125 0.14375
1 0.0375 0.40312499999999996 0.046875 0.13958333333333334
1 0.1921875 0.4041666666666667 0.040625 0.14166666666666666
1 0.2765625 0.625 0.096875 0.09166666666666666
1 0.3921875 0.665625 0.0625 0.12291666666666666
1 0.79140625 0.7760416666666666 0.1140625 0.06041666666666667
1 0.75234375 0.6010416666666667 0.0734375 0.11458333333333333
1 0.903125 0.5177083333333333 0.0625 0.13125
1 0.72734375 0.42500000000000004 0.0859375 0.12083333333333333
1 0.92734375 0.30729166666666663 0.1015625 0.08541666666666667
1 0.97890625 0.47291666666666665 0.0421875 0.1375
1 0.47890625 0.44166666666666665 0.0390625 0.13333333333333333
1 0.39296875 0.5229166666666667 0.0671875 0.14583333333333334
1 0.4578125 0.36875 0.053125 0.12083333333333333
1 0.55390625 0.3770833333333333 0.0984375 0.07083333333333333
1 0.57890625 0.5010416666666666 0.0640625 0.11458333333333333
1 0.52421875 0.4760416666666667 0.0390625 0.12708333333333333
1 0.44921875 0.5458333333333334 0.0828125 0.075
1 0.103125 0.4125 0.05 0.12916666666666668
0 0.3671875 0.4302083333333333 0.10625 0.11875
1 0.53125 0.321875 0.103125 0.06875
1 0.7671875 0.28437500000000004 0.05625 0.11875
