0 0.130578125 0.5134375 0.11051562500000003 0.10314583333333331
0 0.104484375 0.13693750000000002 0.08021875 0.15637500000000001
0 0.516328125 0.57325 0.08389062499999991 0.15399999999999997
0 0.29681250000000003 0.5247083333333333 0.06799999999999998 0.16108333333333327
0 0.859578125 0.5474166666666667 0.13726562499999995 0.08564583333333337
0 0.120890625 0.6345 0.115078125 0.13185416666666658
0 0.29275 0.7570208333333334 0.07862499999999999 0.12989583333333338
1 0.025281249999999998 0.25758333333333333 0.043828124999999996 0.11847916666666665
1 0.21745312499999997 0.15256250000000002 0.05323437499999999 0.14179166666666668
1 0.21026562499999998 0.45177083333333334 0.048859375 0.15687500000000001
1 0.426953125 0.6292916666666667 0.07515625000000004 0.11193750000000004
1 0.365875 0.6999375000000001 0.062359375000000036 0.10737499999999993
1 0.861453125 0.6576458333333334 0.05353124999999999 0.11860416666666657
1 0.962375 0.39927083333333335 0.07414062500000007 0.11852083333333331
1 0.785359375 0.7155625000000001 0.09821874999999994 0.09279166666666659
1 0.884890625 0.7436875000000001 0.08084375000000002 0.10320833333333326
1 0.563359375 0.8422291666666666 0.05732812499999991 0.1205416666666667
1 0.136671875 0.7976458333333334 0.11165624999999997 0.08470833333333326
0 0.06343750000000001 0.3727916666666667 0.12687500000000002 0.10527083333333327
0 0.47273437500000004 0.7576458333333334 0.08859375000000007 0.11864583333333342
0 0.02859375 0.6053333333333334 0.0571875 0.14318750000000005
1 0.9728125000000001 0.6701458333333333 0.05437499999999993 0.1269374999999999