0 0.578125 0.33333333333333337 0.103125 0.125
0 0.42421875 0.3729166666666667 0.0609375 0.17083333333333334
0 0.37421875 0.5708333333333333 0.1046875 0.13333333333333333
1 0.190625 0.653125 0.090625 0.11458333333333333
1 0.35234375 0.7385416666666667 0.0984375 0.08958333333333333
1 0.5359375 0.7395833333333333 0.0625 0.14166666666666666
1 0.51015625 0.546875 0.0390625 0.13958333333333334
1 0.56875 0.44270833333333337 0.05625 0.13125
1 0.64375 0.44270833333333337 0.065625 0.09791666666666667
1 0.6765625 0.3354166666666667 0.071875 0.10416666666666667
1 0.74453125 0.4041666666666667 0.0578125 0.14166666666666666
1 0.8671875 0.42604166666666665 0.059375 0.14791666666666667
1 0.934375 0.7645833333333334 0.10625 0.0875
1 0.18125 0.8541666666666666 0.05 0.14166666666666666
1 0.0703125 0.8375 0.071875 0.09583333333333334
1 0.10234375 0.3677083333333333 0.0890625 0.08541666666666667
1 0.28125 0.48854166666666665 0.071875 0.12708333333333333
1 0.315625 0.41874999999999996 0.103125 0.07083333333333333
1 0.340625 0.34375 0.046875 0.12916666666666668
0 0.37421875 0.2510416666666667 0.0703125 0.14791666666666667
0 0.13671875 0.25 0.1203125 0.13333333333333333
1 0.93359375 0.321875 0.0765625 0.12291666666666666
1 0.4828125 0.3677083333333333 0.0625 0.13125
1 0.71875 0.4927083333333333 0.05625 0.10208333333333333
