0 0.164171875 0.7128541666666667 0.09332812500000001 0.12487499999999987
0 0.27665625 0.7572083333333333 0.10581250000000005 0.12389583333333339
0 0.41898437499999996 0.5451250000000001 0.08109374999999996 0.16024999999999998
1 0.3511875 0.5692916666666666 0.05173437500000002 0.14191666666666666
1 0.46929687500000006 0.4263541666666667 0.11296874999999992 0.08104166666666662
1 0.6486562499999999 0.662625 0.05918749999999999 0.1881041666666666
1 0.764421875 0.6080208333333333 0.05010937500000008 0.1389375000000001
1 0.8489531250000001 0.5967916666666666 0.09645312500000003 0.0635833333333333
1 0.8334843749999999 0.6941041666666667 0.09446875000000006 0.09570833333333321
1 0.901765625 0.7442916666666667 0.06539062499999986 0.14139583333333333
1 0.8762968750000001 0.30529166666666663 0.098828125 0.05975000000000001
1 0.93503125 0.38341666666666663 0.10382812500000008 0.06316666666666665
1 0.21728125 0.522 0.04957812500000001 0.10981250000000002
1 0.24634375 0.6367916666666668 0.04854687499999999 0.12310416666666674
1 0.329 0.6711666666666667 0.08637499999999995 0.09183333333333342
1 0.201671875 0.6430416666666667 0.056671875 0.13560416666666672
1 0.153078125 0.5676041666666667 0.068015625 0.11145833333333334
1 0.090890625 0.48031250000000003 0.08740624999999999 0.07645833333333331
1 0.130109375 0.39760416666666665 0.05603124999999998 0.13185416666666672
1 0.05215625 0.3496458333333334 0.05257812499999999 0.12235416666666671
1 0.048093750000000005 0.5215625 0.091953125 0.11606249999999996
1 0.044687500000000005 0.6599375 0.08937500000000001 0.1106875
1 0.10760937500000001 0.70075 0.05103124999999999 0.12433333333333323