0 0.82734375 0.6635416666666667 0.0984375 0.15208333333333332
0 0.57109375 0.35833333333333334 0.0765625 0.15
0 0.5 0.3104166666666667 0.09375 0.125
1 0.41484374999999996 0.3072916666666667 0.0578125 0.13541666666666666
1 0.73984375 0.15833333333333333 0.0734375 0.14166666666666666
1 0.69296875 0.18333333333333332 0.0796875 0.1375
1 0.47968750000000004 0.15729166666666666 0.084375 0.09791666666666667
1 0.38984375000000004 0.07395833333333333 0.0859375 0.11041666666666666
1 0.16562500000000002 0.28541666666666665 0.0875 0.09166666666666666
1 0.10312500000000002 0.459375 0.103125 0.08125
1 0.09140625000000002 0.615625 0.0671875 0.11875
1 0.39140624999999996 0.60625 0.1015625 0.06666666666666667
0 0.55546875 0.6864583333333333 0.1078125 0.09375
1 0.753125 0.5770833333333333 0.05625 0.14583333333333334
1 0.64765625 0.5322916666666667 0.0796875 0.09375
1 0.57109375 0.484375 0.0796875 0.08958333333333333
1 0.47109375 0.421875 0.0640625 0.11458333333333333
1 0.47109375 0.6666666666666666 0.0515625 0.1375
1 0.19218749999999996 0.7239583333333334 0.1 0.07291666666666667
1 0.11796874999999996 0.721875 0.0703125 0.10625
1 0.68203125 0.6479166666666667 0.0640625 0.12083333333333333
1 0.621875 0.6385416666666667 0.0625 0.13958333333333334
1 0.9640625 0.37604166666666666 0.071875 0.10625
