0 0.113390625 0.656375 0.117578125 0.07443750000000003
0 0.055625 0.7426458333333333 0.11125 0.08862499999999993
0 0.123859375 0.1529791666666667 0.06896875000000001 0.16762499999999997
0 0.377421875 0.3234166666666667 0.07923437500000001 0.1668541666666667
0 0.57959375 0.38364583333333335 0.12731250000000002 0.09977083333333331
0 0.33321875 0.7170208333333333 0.11267187500000002 0.1332083333333332
1 0.089171875 0.46531249999999996 0.05584374999999999 0.1297916666666667
1 0.149796875 0.45177083333333334 0.052078124999999975 0.12354166666666669
1 0.251671875 0.48322916666666665 0.09417187499999997 0.07606249999999998
1 0.12276562499999999 0.5767916666666667 0.10115625000000002 0.06691666666666668
1 0.32728125 0.5267708333333333 0.057062499999999974 0.12647916666666661
1 0.427890625 0.6605624999999999 0.05828124999999997 0.13277083333333337
1 0.19634374999999998 0.8045208333333334 0.06395312500000001 0.12512500000000013
1 0.490546875 0.6972291666666667 0.04296875 0.12279166666666655
1 0.61928125 0.6995208333333333 0.07543749999999996 0.11487499999999998
1 0.69240625 0.6822291666666668 0.06581250000000001 0.12612499999999993
1 0.525859375 0.5424166666666667 0.10515624999999992 0.05897916666666661
1 0.753328125 0.4326041666666667 0.06229687500000001 0.1352083333333334
1 0.8639531249999999 0.3000833333333333 0.09603125000000005 0.10350000000000001
1 0.265875 0.22818750000000002 0.08737500000000002 0.08056250000000004
1 0.268375 0.08170833333333333 0.079875 0.10010416666666666
1 0.5346093749999999 0.6947291666666667 0.050156250000000034 0.13445833333333326
1 0.918015625 0.7166041666666667 0.047890625000000145 0.14070833333333327
1 0.9751562500000001 0.5530416666666667 0.049687499999999926 0.13441666666666663
1 0.9445625 0.41135416666666663 0.05726562500000014 0.11770833333333333
1 0.59271875 0.28508333333333336 0.07857812499999994 0.12350000000000003
1 0.192765625 0.5886666666666667 0.04634375000000002 0.12650000000000006
1 0.039218750000000004 0.5217708333333333 0.07843750000000001 0.08645833333333333