0 0.73125 0.8927083333333333 0.09375 0.14791666666666667
0 0.6515625 0.7020833333333334 0.115625 0.11666666666666667
0 0.71875 0.4395833333333333 0.115625 0.13333333333333333
0 0.57734375 0.5375 0.0734375 0.15833333333333333
0 0.84921875 0.27708333333333335 0.0578125 0.1625
1 0.9484375 0.85625 0.05 0.14166666666666666
1 0.8796875 0.946875 0.084375 0.07708333333333334
1 0.47578125000000004 0.771875 0.0453125 0.14375
1 0.15078124999999998 0.8697916666666666 0.0828125 0.11458333333333333
1 0.14375000000000004 0.7 0.06875 0.12083333333333333
1 0.109375 0.5458333333333334 0.071875 0.12083333333333333
1 0.17656249999999996 0.384375 0.090625 0.11875
1 0.109375 0.3927083333333333 0.053125 0.13125
1 0.028906250000000022 0.5135416666666667 0.0578125 0.12291666666666666
1 0.4625 0.421875 0.06875 0.12291666666666666
0 0.53125 0.3260416666666667 0.071875 0.14791666666666667
1 0.75234375 0.38020833333333337 0.0921875 0.09375
1 0.934375 0.4520833333333333 0.0625 0.15
1 0.62734375 0.4458333333333333 0.0890625 0.09583333333333334
1 0.6859375 0.60625 0.075 0.1125
1 0.740625 0.578125 0.075 0.11458333333333333
1 0.58984375 0.29166666666666663 0.0796875 0.09583333333333334
1 0.39765625000000004 0.5708333333333333 0.0828125 0.17083333333333334
1 0.35624999999999996 0.5604166666666667 0.05625 0.11666666666666667
1 0.7796875 0.9541666666666667 0.08125 0.09166666666666666
1 0.9265625 0.2510416666666667 0.090625 0.08125
1 0.050000000000000044 0.3208333333333333 0.1 0.075
