0 0.652875 0.5621875000000001 0.05423437500000006 0.16395833333333337
0 0.28775 0.5338541666666666 0.05635937499999999 0.17064583333333327
0 0.47164062500000004 0.3701041666666667 0.08328124999999993 0.1435208333333333
1 0.038093749999999996 0.5980416666666667 0.046953125000000005 0.1410833333333334
1 0.192765625 0.597 0.04114062499999997 0.14316666666666672
1 0.277125 0.37570833333333337 0.09737499999999999 0.09108333333333327
1 0.392890625 0.33508333333333334 0.06329687499999999 0.12352083333333337
1 0.792078125 0.2248541666666667 0.11478124999999997 0.059458333333333314
1 0.752703125 0.39925 0.07354687500000008 0.11483333333333334
1 0.9039531249999999 0.48341666666666666 0.06351562500000014 0.1298125
1 0.72771875 0.5759583333333332 0.08604687500000008 0.12191666666666663
1 0.92753125 0.6936875 0.10132812499999985 0.08652083333333328
1 0.9790625000000001 0.5278333333333334 0.041874999999999926 0.13814583333333327
1 0.479609375 0.5586458333333333 0.03984375 0.13354166666666673
1 0.393359375 0.47739583333333335 0.06735937500000003 0.1456458333333334
1 0.458671875 0.6315833333333334 0.05421875000000007 0.12068749999999989
1 0.5547500000000001 0.6240833333333333 0.09951562499999991 0.07233333333333339
1 0.57959375 0.4992708333333333 0.06482812500000001 0.11481249999999997
1 0.524765625 0.5247083333333333 0.03953124999999993 0.12772916666666662
1 0.44945312499999995 0.45447916666666666 0.08265624999999996 0.07479166666666662
1 0.103390625 0.5884583333333333 0.04990625 0.13024999999999995
0 0.367578125 0.5705416666666667 0.10642187500000003 0.11941666666666671
1 0.531953125 0.6790833333333333 0.10234375 0.06766666666666671
1 0.768015625 0.7174375000000001 0.055421875000000044 0.11904166666666664