0 0.47578125000000004 0.5822916666666667 0.0703125 0.15625
1 0.69765625 0.5572916666666666 0.0546875 0.12291666666666666
0 0.60390625 0.45625 0.0796875 0.15416666666666667
0 0.43046874999999996 0.3770833333333333 0.0890625 0.1375
1 0.8890625 0.20625 0.090625 0.10416666666666667
1 0.83359375 0.5322916666666667 0.0515625 0.13541666666666666
1 0.90078125 0.6375 0.0578125 0.14166666666666666
1 0.31640625 0.7927083333333333 0.0765625 0.09375
1 0.28203124999999996 0.428125 0.1015625 0.11458333333333333
1 0.35468750000000004 0.5322916666666667 0.071875 0.11041666666666666
1 0.4046875 0.6166666666666667 0.059375 0.12916666666666668
1 0.8109375 0.7260416666666667 0.10625 0.06875
1 0.6109375 0.6520833333333333 0.08125 0.0875
1 0.57265625 0.684375 0.0703125 0.11041666666666666
1 0.11640625000000004 0.565625 0.0578125 0.14375
1 0.18281250000000004 0.6145833333333334 0.065625 0.14583333333333334
1 0.19062500000000004 0.4947916666666667 0.103125 0.09791666666666667
1 0.28125 0.5125 0.084375 0.09166666666666666
0 0.31640625 0.678125 0.0828125 0.14791666666666667
0 0.71640625 0.665625 0.1140625 0.11875
1 0.828125 0.6677083333333333 0.096875 0.06875
1 0.78203125 0.5864583333333333 0.0453125 0.12708333333333333
1 0.5 0.6697916666666667 0.059375 0.13125
1 0.35390625 0.6291666666666667 0.0453125 0.14166666666666666
