0 0.47578125000000004 0.41770833333333335 0.0703125 0.15625
1 0.69765625 0.44270833333333337 0.0546875 0.12291666666666666
0 0.60390625 0.54375 0.0796875 0.15416666666666667
0 0.43046874999999996 0.6229166666666667 0.0890625 0.1375
1 0.8890625 0.79375 0.090625 0.10416666666666667
1 0.83359375 0.4677083333333333 0.0515625 0.13541666666666666
1 0.90078125 0.36250000000000004 0.0578125 0.14166666666666666
1 0.31640625 0.20729166666666665 0.0765625 0.09375
1 0.28203124999999996 0.571875 0.1015625 0.11458333333333333
1 0.35468750000000004 0.4677083333333333 0.071875 0.11041666666666666
1 0.4046875 0.3833333333333333 0.059375 0.12916666666666668
1 0.8109375 0.2739583333333333 0.10625 0.06875
1 0.6109375 0.34791666666666665 0.08125 0.0875
1 0.57265625 0.31562500000000004 0.0703125 0.11041666666666666
1 0.11640625000000004 0.43437499999999996 0.0578125 0.14375
1 0.18281250000000004 0.38541666666666663 0.065625 0.14583333333333334
1 0.19062500000000004 0.5052083333333333 0.103125 0.09791666666666667
1 0.28125 0.48750000000000004 0.084375 0.09166666666666666
0 0.31640625 0.321875 0.0828125 0.14791666666666667
0 0.71640625 0.334375 0.1140625 0.11875
1 0.828125 0.33229166666666665 0.096875 0.06875
1 0.78203125 0.4135416666666667 0.0453125 0.12708333333333333
1 0.5 0.3302083333333333 0.059375 0.13125
1 0.35390625 0.37083333333333335 0.0453125 0.14166666666666666
