0 0.5788125 0.6674375 0.10389062500000001 0.1256875000000001
0 0.424921875 0.6278541666666667 0.06171875 0.17152083333333343
0 0.374609375 0.4298958333333333 0.10485937500000002 0.13395833333333335
1 0.19134374999999998 0.34758333333333336 0.091453125 0.11518750000000004
1 0.35275 0.2617291666666667 0.09860937500000003 0.08987499999999997
1 0.536640625 0.26091666666666663 0.06326562500000002 0.14183333333333337
1 0.510859375 0.45364583333333336 0.03984375 0.1397916666666667
1 0.568984375 0.5584375 0.05640625000000003 0.12979166666666664
1 0.6441250000000001 0.5584375 0.06575000000000006 0.0964583333333333
1 0.6770937499999999 0.6653333333333333 0.07231249999999996 0.1034999999999999
1 0.74521875 0.5961666666666667 0.05854687500000004 0.1415
1 0.868015625 0.5745 0.060406250000000127 0.14816666666666667
1 0.9348750000000001 0.2356875 0.106640625 0.08779166666666664
1 0.181828125 0.1469375 0.050515624999999974 0.14304166666666665
1 0.07089062499999998 0.16339583333333335 0.07240624999999999 0.09679166666666668
1 0.10323437499999999 0.6334583333333333 0.09021875000000001 0.08693750000000004
1 0.28196875 0.5119791666666667 0.07268749999999997 0.12689583333333326
1 0.31634375000000003 0.5819791666666667 0.10392187499999998 0.07018750000000011
1 0.34103125 0.6574166666666666 0.04704687500000002 0.12768749999999993
0 0.374453125 0.7492916666666667 0.07017187500000004 0.1480625000000001
0 0.136984375 0.7503333333333334 0.12020312500000001 0.13347916666666676
1 0.93440625 0.6784583333333334 0.07757812500000014 0.12308333333333342
1 0.483203125 0.6334583333333333 0.06265625000000004 0.12977083333333325
1 0.7189687499999999 0.5076041666666666 0.05604687500000001 0.10189583333333338