0 0.55234375 0.55 0.0890625 0.1375
0 0.83046875 0.725 0.1078125 0.09583333333333334
0 0.73125 0.653125 0.09375 0.12708333333333333
0 0.7171875 0.7572916666666667 0.09375 0.11458333333333333
0 0.95625 0.39166666666666666 0.0875 0.11666666666666667
1 0.90703125 0.296875 0.0640625 0.11875
1 0.9671875 0.253125 0.065625 0.11041666666666666
1 0.96875 0.096875 0.046875 0.12291666666666666
1 0.83984375 0.09791666666666667 0.0703125 0.11666666666666667
1 0.5375 0.340625 0.059375 0.13541666666666666
1 0.41640625 0.4125 0.0953125 0.07083333333333333
1 0.38828125 0.5229166666666667 0.0578125 0.13333333333333333
1 0.56171875 0.65 0.0859375 0.10416666666666667
1 0.48750000000000004 0.671875 0.046875 0.12708333333333333
1 0.44999999999999996 0.6072916666666667 0.05625 0.13125
0 0.37968749999999996 0.6677083333333333 0.053125 0.17291666666666666
1 0.32890624999999996 0.6364583333333333 0.0515625 0.13958333333333334
1 0.19921875 0.6770833333333334 0.0578125 0.125
1 0.2984375 0.7145833333333333 0.075 0.1125
1 0.70859375 0.5239583333333333 0.0515625 0.13125
1 0.76796875 0.5541666666666667 0.1015625 0.0625
1 0.87578125 0.6489583333333333 0.1140625 0.06875
1 0.51875 0.46145833333333336 0.09375 0.06041666666666667
1 0.14687499999999998 0.446875 0.0625 0.13541666666666666
1 0.08906250000000004 0.5125 0.059375 0.13333333333333333
1 0.11406249999999996 0.5979166666666667 0.046875 0.13333333333333333
1 0.1640625 0.5739583333333333 0.065625 0.11458333333333333
1 0.07109374999999996 0.68125 0.0515625 0.14166666666666666
0 0.047656249999999956 0.7822916666666667 0.0953125 0.08125
