0 0.44765625 0.44999999999999996 0.0890625 0.1375
0 0.16953125 0.275 0.1078125 0.09583333333333334
0 0.26875 0.34687500000000004 0.09375 0.12708333333333333
0 0.2828125 0.2427083333333333 0.09375 0.11458333333333333
0 0.04375 0.6083333333333334 0.0875 0.11666666666666667
1 0.09296875 0.703125 0.0640625 0.11875
1 0.0328125 0.746875 0.065625 0.11041666666666666
1 0.03125 0.903125 0.046875 0.12291666666666666
1 0.16015625 0.9020833333333333 0.0703125 0.11666666666666667
1 0.4625 0.659375 0.059375 0.13541666666666666
1 0.58359375 0.5875 0.0953125 0.07083333333333333
1 0.61171875 0.4770833333333333 0.0578125 0.13333333333333333
1 0.43828125 0.35 0.0859375 0.10416666666666667
1 0.5125 0.328125 0.046875 0.12708333333333333
1 0.55 0.3927083333333333 0.05625 0.13125
0 0.6203125 0.33229166666666665 0.053125 0.17291666666666666
1 0.67109375 0.36354166666666665 0.0515625 0.13958333333333334
1 0.80078125 0.32291666666666663 0.0578125 0.125
1 0.7015625 0.28541666666666665 0.075 0.1125
1 0.29140625 0.4760416666666667 0.0515625 0.13125
1 0.23203125 0.4458333333333333 0.1015625 0.0625
1 0.12421875 0.3510416666666667 0.1140625 0.06875
1 0.48125 0.5385416666666667 0.09375 0.06041666666666667
1 0.853125 0.553125 0.0625 0.13541666666666666
1 0.9109375 0.48750000000000004 0.059375 0.13333333333333333
1 0.8859375 0.40208333333333335 0.046875 0.13333333333333333
1 0.8359375 0.42604166666666665 0.065625 0.11458333333333333
1 0.92890625 0.31875 0.0515625 0.14166666666666666
0 0.95234375 0.21770833333333328 0.0953125 0.08125
