0 0.17290624999999998 0.6642916666666667 0.09832812500000002 0.1514375000000001
0 0.42975 0.3592916666666667 0.07706250000000003 0.15179166666666669
0 0.500234375 0.3109166666666667 0.09357812499999998 0.12516666666666662
1 0.5855312500000001 0.3084166666666667 0.05795312500000005 0.13683333333333333
1 0.26040625 0.15902083333333333 0.07331250000000003 0.14220833333333338
1 0.30775 0.18379166666666666 0.07887500000000003 0.13741666666666663
1 0.520859375 0.158375 0.08482812499999995 0.09658333333333331
1 0.611 0.07483333333333334 0.08699999999999992 0.10952083333333332
1 0.8352031249999999 0.2858958333333333 0.08853125000000003 0.09154166666666666
1 0.897546875 0.4596875 0.10382812500000008 0.08104166666666662
1 0.909265625 0.6161458333333333 0.06789062500000007 0.11852083333333331
1 0.6088125 0.6067916666666666 0.10137499999999999 0.06643749999999997
0 0.44523437499999996 0.6876458333333333 0.10859375 0.09527083333333337
1 0.24743750000000003 0.5774166666666667 0.05674999999999999 0.14566666666666664
1 0.3530625 0.5332291666666666 0.08048437499999998 0.09270833333333334
1 0.42945312500000005 0.48510416666666667 0.08015624999999997 0.09020833333333336
1 0.5296093749999999 0.422375 0.06482812500000001 0.1144166666666667
1 0.5296093749999999 0.6676458333333334 0.05232812500000002 0.1386041666666666
1 0.808171875 0.7249375 0.10009374999999991 0.07404166666666659
1 0.8827031249999999 0.7230624999999999 0.07103125000000006 0.10779166666666669
1 0.31884375 0.6491041666666667 0.06393750000000002 0.12235416666666671
1 0.378375 0.6395 0.06262499999999997 0.13852083333333334
1 0.03609375 0.37654166666666666 0.0721875 0.10610416666666668