0 0.42656249999999996 0.4 0.096875 0.1375
0 0.49296874999999996 0.23020833333333335 0.1234375 0.09375
0 0.9390625 0.3927083333333333 0.109375 0.11875
0 0.5671875 0.5791666666666666 0.053125 0.15833333333333333
1 0.86171875 0.6364583333333333 0.1078125 0.08958333333333333
1 0.771875 0.7260416666666667 0.05 0.13125
1 0.73203125 0.6239583333333334 0.1015625 0.06041666666666667
1 0.6875 0.575 0.075 0.10833333333333334
1 0.746875 0.4770833333333333 0.06875 0.1125
1 0.64375 0.509375 0.04375 0.13541666666666666
1 0.6203125 0.3927083333333333 0.084375 0.12291666666666666
1 0.4859375 0.575 0.103125 0.09583333333333334
1 0.40312499999999996 0.9010416666666666 0.059375 0.13125
1 0.25546875 0.7760416666666666 0.0546875 0.13541666666666666
1 0.30859375 0.66875 0.0703125 0.125
1 0.18984374999999998 0.6145833333333333 0.0890625 0.09583333333333334
1 0.12656250000000002 0.55 0.115625 0.06666666666666667
1 0.11328125 0.6479166666666667 0.0890625 0.125
1 0.04531249999999998 0.5708333333333333 0.059375 0.1375
1 0.10078125000000004 0.3916666666666667 0.0546875 0.12916666666666668
1 0.2953125 0.40312499999999996 0.071875 0.13125
1 0.15156250000000004 0.2833333333333333 0.053125 0.1375
1 0.94375 0.2833333333333333 0.053125 0.11666666666666667
1 0.50234375 0.42604166666666665 0.0765625 0.10625
1 0.11406249999999996 0.18645833333333328 0.11875 0.07291666666666667
