0 0.5734375 0.4 0.096875 0.1375
0 0.50703125 0.23020833333333335 0.1234375 0.09375
0 0.0609375 0.3927083333333333 0.109375 0.11875
0 0.4328125 0.5791666666666666 0.053125 0.15833333333333333
1 0.13828125 0.6364583333333333 0.1078125 0.08958333333333333
1 0.228125 0.7260416666666667 0.05 0.13125
1 0.26796875 0.6239583333333334 0.1015625 0.06041666666666667
1 0.3125 0.575 0.075 0.10833333333333334
1 0.253125 0.4770833333333333 0.06875 0.1125
1 0.35625 0.509375 0.04375 0.13541666666666666
1 0.3796875 0.3927083333333333 0.084375 0.12291666666666666
1 0.5140625 0.575 0.103125 0.09583333333333334
1 0.596875 0.9010416666666666 0.059375 0.13125
1 0.74453125 0.7760416666666666 0.0546875 0.13541666666666666
1 0.69140625 0.66875 0.0703125 0.125
1 0.81015625 0.6145833333333333 0.0890625 0.09583333333333334
1 0.8734375 0.55 0.115625 0.06666666666666667
1 0.88671875 0.6479166666666667 0.0890625 0.125
1 0.9546875 0.5708333333333333 0.059375 0.1375
1 0.89921875 0.3916666666666667 0.0546875 0.12916666666666668
1 0.7046875 0.40312499999999996 0.071875 0.13125
1 0.8484375 0.2833333333333333 0.053125 0.1375
1 0.05625 0.2833333333333333 0.053125 0.11666666666666667
1 0.49765625 0.42604166666666665 0.0765625 0.10625
1 0.8859375 0.18645833333333328 0.11875 0.07291666666666667
