0 0.269625 0.10777083333333333 0.09487500000000004 0.14802083333333332
0 0.348984375 0.29841666666666666 0.116109375 0.1168333333333333
0 0.2818125 0.5617916666666667 0.11550000000000002 0.13358333333333333
0 0.423515625 0.46364583333333337 0.07453125000000002 0.15981250000000002
0 0.151515625 0.7240833333333333 0.058640625 0.16099999999999995
1 0.051984375000000006 0.14422916666666669 0.05021875 0.14179166666666668
1 0.120890625 0.05337500000000001 0.08490625 0.07675000000000001
1 0.524453125 0.22925 0.045140624999999976 0.1451458333333333
1 0.849421875 0.13066666666666665 0.08259374999999984 0.11450000000000002
1 0.856453125 0.30091666666666667 0.06853124999999985 0.12183333333333334
1 0.890984375 0.45508333333333334 0.07195312499999992 0.11983333333333329
1 0.8239531250000001 0.6167916666666666 0.09103124999999998 0.12027083333333337
1 0.890984375 0.6076041666666666 0.053031250000000085 0.13143750000000007
1 0.9712500000000001 0.48674999999999996 0.057499999999999926 0.12314583333333336
1 0.538359375 0.5786666666666667 0.06982812499999991 0.12316666666666667
0 0.46945312499999997 0.6742916666666667 0.07265625 0.14810416666666673
1 0.24821875000000002 0.620125 0.09268749999999999 0.09358333333333325
1 0.066515625 0.5484375 0.06365625 0.14979166666666663
1 0.373359375 0.555125 0.08985937499999999 0.09691666666666662
1 0.31446874999999996 0.39406250000000004 0.0751875 0.1122708333333333
1 0.259625 0.422375 0.07487500000000002 0.1144166666666667
1 0.41070312500000006 0.7088958333333333 0.08017187499999996 0.09612499999999997
1 0.6028749999999999 0.4300833333333333 0.08324999999999996 0.1698333333333333
1 0.6445937500000001 0.4401041666666667 0.05517187500000009 0.11687500000000005
1 0.22103125 0.04604166666666667 0.08207812500000003 0.09208333333333334
1 0.07401562499999999 0.7495208333333333 0.09115625 0.08154166666666664
1 0.95015625 0.6795000000000001 0.09968749999999993 0.07516666666666676