0 0.84375 0.33229166666666665 0.08125 0.15208333333333332
0 0.65234375 0.396875 0.0734375 0.14791666666666667
0 0.5484375 0.41041666666666665 0.053125 0.15833333333333333
0 0.3921875 0.6708333333333333 0.078125 0.15416666666666667
0 0.71640625 0.640625 0.0703125 0.14791666666666667
0 0.85859375 0.7552083333333334 0.1203125 0.07708333333333334
1 0.7859375 0.5708333333333333 0.059375 0.14583333333333334
1 0.625 0.303125 0.04375 0.12291666666666666
1 0.571875 0.20520833333333333 0.04375 0.14375
1 0.49453125 0.240625 0.0640625 0.11875
1 0.259375 0.35520833333333335 0.075 0.09791666666666667
1 0.15859374999999998 0.46041666666666664 0.1046875 0.07083333333333333
1 0.24453124999999998 0.5614583333333333 0.0578125 0.13958333333333334
1 0.16953125000000002 0.5416666666666666 0.1109375 0.09166666666666666
1 0.17578125 0.6375 0.0515625 0.125
1 0.10312500000000002 0.65 0.0875 0.0625
1 0.453125 0.603125 0.09375 0.08541666666666667
1 0.58046875 0.61875 0.0484375 0.13333333333333333
1 0.565625 0.4947916666666667 0.05 0.12708333333333333
1 0.49140625000000004 0.69375 0.0578125 0.1125
1 0.828125 0.12083333333333333 0.075 0.125
1 0.959375 0.25104166666666666 0.08125 0.06875
1 0.33515625000000004 0.06875 0.0953125 0.07083333333333333
1 0.81875 0.6947916666666667 0.075 0.09375
1 0.646875 0.6916666666666667 0.05625 0.11666666666666667
1 0.25234375 0.6760416666666667 0.0859375 0.08958333333333333
1 0.19843750000000004 0.14270833333333333 0.090625 0.10625
