0 0.15625 0.6677083333333333 0.08125 0.15208333333333332
0 0.34765625 0.603125 0.0734375 0.14791666666666667
0 0.4515625 0.5895833333333333 0.053125 0.15833333333333333
0 0.6078125 0.3291666666666667 0.078125 0.15416666666666667
0 0.28359375 0.359375 0.0703125 0.14791666666666667
0 0.14140625 0.24479166666666663 0.1203125 0.07708333333333334
1 0.2140625 0.4291666666666667 0.059375 0.14583333333333334
1 0.375 0.696875 0.04375 0.12291666666666666
1 0.428125 0.7947916666666667 0.04375 0.14375
1 0.50546875 0.759375 0.0640625 0.11875
1 0.740625 0.6447916666666667 0.075 0.09791666666666667
1 0.84140625 0.5395833333333333 0.1046875 0.07083333333333333
1 0.75546875 0.4385416666666667 0.0578125 0.13958333333333334
1 0.83046875 0.45833333333333337 0.1109375 0.09166666666666666
1 0.82421875 0.36250000000000004 0.0515625 0.125
1 0.896875 0.35 0.0875 0.0625
1 0.546875 0.396875 0.09375 0.08541666666666667
1 0.41953125 0.38125 0.0484375 0.13333333333333333
1 0.434375 0.5052083333333333 0.05 0.12708333333333333
1 0.50859375 0.30625 0.0578125 0.1125
1 0.171875 0.8791666666666667 0.075 0.125
1 0.040625 0.7489583333333334 0.08125 0.06875
1 0.66484375 0.93125 0.0953125 0.07083333333333333
1 0.18125 0.3052083333333333 0.075 0.09375
1 0.353125 0.30833333333333335 0.05625 0.11666666666666667
1 0.74765625 0.32395833333333335 0.0859375 0.08958333333333333
1 0.8015625 0.8572916666666667 0.090625 0.10625
