0 0.57890625 0.7395833333333333 0.0796875 0.15833333333333333
0 0.4375 0.3510416666666667 0.071875 0.15625
0 0.12578124999999996 0.3052083333333333 0.1140625 0.10625
0 0.9265625 0.6697916666666667 0.10625 0.13541666666666666
1 0.83671875 0.728125 0.0828125 0.14375
1 0.6984375 0.665625 0.078125 0.16041666666666668
1 0.78046875 0.6041666666666667 0.0703125 0.16666666666666666
0 0.77421875 0.46458333333333335 0.0859375 0.14583333333333334
1 0.78828125 0.3364583333333333 0.0984375 0.08541666666666667
1 0.65234375 0.3979166666666667 0.0546875 0.12916666666666668
1 0.57734375 0.36458333333333337 0.0484375 0.14166666666666666
1 0.5859375 0.4822916666666667 0.0625 0.13958333333333334
0 0.41328125000000004 0.4833333333333333 0.1171875 0.07916666666666666
1 0.33828125 0.559375 0.1109375 0.08541666666666667
1 0.28437500000000004 0.40312499999999996 0.0875 0.12708333333333333
1 0.3421875 0.35624999999999996 0.103125 0.08333333333333333
1 0.16874999999999996 0.41770833333333335 0.1125 0.08541666666666667
1 0.07890624999999996 0.38749999999999996 0.1046875 0.0875
1 0.21562499999999996 0.30208333333333337 0.109375 0.11666666666666667
1 0.9328125 0.49583333333333335 0.059375 0.175
0 0.5203125 0.2677083333333333 0.05625 0.13541666666666666
1 0.54609375 0.20937499999999998 0.0765625 0.11458333333333333
0 0.94375 0.24791666666666667 0.1125 0.09583333333333334
1 0.665625 0.25520833333333337 0.05625 0.13125
