0 0.5253593750000001 0.5836041666666667 0.06982812500000009 0.15637499999999996
1 0.303765625 0.5575 0.054421874999999974 0.12249999999999997
0 0.396734375 0.4578333333333333 0.07937500000000001 0.1547083333333333
0 0.570328125 0.3785625 0.08942187500000003 0.1375
1 0.11176562500000001 0.2075 0.08985937499999999 0.10404166666666666
1 0.16759375 0.533125 0.052046875000000006 0.13435416666666664
1 0.10001562500000001 0.63875 0.058078124999999994 0.14214583333333336
1 0.6850625 0.7930625 0.07665625000000009 0.09443750000000009
1 0.71875 0.4293125 0.10045312499999995 0.11458333333333333
1 0.645875 0.5336666666666667 0.07271874999999994 0.10970833333333327
1 0.595875 0.6173125 0.058531250000000055 0.12939583333333335
1 0.189734375 0.7269375 0.10490624999999998 0.06993750000000011
1 0.3896875000000001 0.6534166666666666 0.08107812500000003 0.08897916666666675
1 0.428015625 0.6852708333333334 0.0703125 0.10862499999999997
1 0.8838437499999999 0.5672083333333333 0.05767187500000013 0.14404166666666665
1 0.8186406249999999 0.6153333333333334 0.06584375000000006 0.14731250000000007
1 0.8102656250000001 0.4955416666666667 0.10267187500000005 0.0982083333333333
1 0.7193125 0.5133958333333334 0.08370312500000007 0.09227083333333332
0 0.684734375 0.6795000000000001 0.08204687499999999 0.1480416666666668
0 0.284390625 0.666375 0.11521875000000001 0.11916666666666677
1 0.172609375 0.66925 0.09728124999999999 0.06816666666666672
1 0.21853125 0.58675 0.045828124999999977 0.12683333333333333
1 0.500234375 0.6707291666666666 0.05984374999999993 0.13229166666666667
1 0.64646875 0.629875 0.04481249999999992 0.14277083333333326