0 0.448359375 0.5509583333333333 0.08984375 0.1385833333333333
0 0.17024999999999998 0.7259583333333333 0.108640625 0.09472916666666673
0 0.269625 0.6543125 0.09487500000000004 0.1286041666666667
0 0.28353125 0.7584583333333333 0.09292187499999996 0.11306249999999997
0 0.04390625 0.3932083333333333 0.0878125 0.11608333333333339
1 0.093703125 0.297375 0.063203125 0.11891666666666663
1 0.032968750000000005 0.25425000000000003 0.06593750000000001 0.11181249999999997
1 0.0316875 0.09797916666666667 0.046640625 0.12427083333333334
1 0.160578125 0.098375 0.070515625 0.11660416666666666
1 0.463203125 0.34091666666666665 0.06015625 0.13518749999999996
1 0.584125 0.41302083333333334 0.09576562499999994 0.0710208333333334
1 0.6119375 0.5234375 0.057624999999999996 0.13314583333333327
1 0.438828125 0.6509583333333333 0.08640624999999998 0.10527083333333327
1 0.512890625 0.6730416666666666 0.04671874999999996 0.12558333333333327
1 0.5502343749999999 0.6078333333333333 0.05607812499999998 0.13152083333333334
0 0.62053125 0.6684791666666666 0.05293749999999999 0.17362500000000006
1 0.6719375000000001 0.6367708333333333 0.05262499999999992 0.1397708333333334
1 0.8014531249999999 0.6776458333333333 0.058531250000000055 0.12529166666666663
1 0.7019375 0.7149166666666668 0.07510937500000008 0.11266666666666675
1 0.292125 0.5251041666666667 0.05237499999999997 0.12981250000000005
1 0.2324375 0.555125 0.10175000000000001 0.06356249999999998
1 0.124796875 0.6492916666666667 0.11457812499999998 0.06860416666666656
1 0.48148437499999996 0.46177083333333335 0.09359374999999996 0.06020833333333329
1 0.853953125 0.44758333333333333 0.06353125000000012 0.13483333333333328
1 0.9114531250000001 0.5132291666666666 0.058968750000000014 0.13272916666666662
1 0.886921875 0.5984375 0.04759375000000006 0.13312499999999997
1 0.836453125 0.5742708333333333 0.06603124999999999 0.11479166666666671
1 0.9295781249999999 0.6822083333333333 0.05226562500000007 0.14058333333333337
0 0.9525 0.7826458333333334 0.09499999999999993 0.08137500000000013