0 0.47734375 0.9166666666666666 0.1171875 0.11666666666666667
0 0.17578125 0.9229166666666666 0.0578125 0.15416666666666667
0 0.2171875 0.6572916666666666 0.109375 0.14791666666666667
0 0.11953125 0.35520833333333335 0.0921875 0.16041666666666668
0 0.86015625 0.3114583333333333 0.1140625 0.12291666666666666
0 0.7046875 0.29270833333333335 0.1 0.11458333333333333
1 0.19140625 0.44895833333333335 0.0578125 0.14375
1 0.0625 0.7697916666666667 0.06875 0.11041666666666666
1 0.43515625 0.6583333333333333 0.0484375 0.13333333333333333
1 0.5375 0.6197916666666667 0.09375 0.07291666666666667
1 0.4546875 0.41041666666666665 0.053125 0.1375
1 0.53046875 0.490625 0.0921875 0.08125
1 0.609375 0.3979166666666667 0.08125 0.10416666666666667
1 0.56171875 0.33125000000000004 0.0640625 0.125
1 0.7703125 0.478125 0.090625 0.08958333333333333
1 0.9375 0.5614583333333334 0.0625 0.12708333333333333
1 0.71015625 0.665625 0.1046875 0.08125
1 0.66328125 0.8875 0.0484375 0.12083333333333333
1 0.6421875 0.9708333333333333 0.0875 0.058333333333333334
1 0.06328125 0.46562499999999996 0.0953125 0.06458333333333334
1 0.0265625 0.35 0.053125 0.125
1 0.08203125 0.30104166666666665 0.0578125 0.11875
1 0.4078125 0.2885416666666667 0.09375 0.08541666666666667
1 0.60078125 0.271875 0.0890625 0.09375
1 0.88046875 0.428125 0.1078125 0.07708333333333334
1 0.8703125 0.3677083333333333 0.090625 0.08958333333333333
1 0.275 0.2104166666666667 0.10625 0.058333333333333334
