0 0.52265625 0.08333333333333333 0.1171875 0.11666666666666667
0 0.82421875 0.07708333333333334 0.0578125 0.15416666666666667
0 0.7828125 0.34270833333333334 0.109375 0.14791666666666667
0 0.88046875 0.6447916666666667 0.0921875 0.16041666666666668
0 0.13984375000000004 0.6885416666666667 0.1140625 0.12291666666666666
0 0.2953125 0.7072916666666667 0.1 0.11458333333333333
1 0.80859375 0.5510416666666667 0.0578125 0.14375
1 0.9375 0.23020833333333332 0.06875 0.11041666666666666
1 0.56484375 0.3416666666666667 0.0484375 0.13333333333333333
1 0.4625 0.3802083333333333 0.09375 0.07291666666666667
1 0.5453125 0.5895833333333333 0.053125 0.1375
1 0.46953124999999996 0.509375 0.0921875 0.08125
1 0.390625 0.6020833333333333 0.08125 0.10416666666666667
1 0.43828124999999996 0.66875 0.0640625 0.125
1 0.22968750000000004 0.521875 0.090625 0.08958333333333333
1 0.0625 0.43854166666666666 0.0625 0.12708333333333333
1 0.28984374999999996 0.334375 0.1046875 0.08125
1 0.33671874999999996 0.1125 0.0484375 0.12083333333333333
1 0.3578125 0.029166666666666667 0.0875 0.058333333333333334
1 0.93671875 0.534375 0.0953125 0.06458333333333334
1 0.9734375 0.65 0.053125 0.125
1 0.91796875 0.6989583333333333 0.0578125 0.11875
1 0.5921875 0.7114583333333333 0.09375 0.08541666666666667
1 0.39921874999999996 0.728125 0.0890625 0.09375
1 0.11953124999999998 0.571875 0.1078125 0.07708333333333334
1 0.12968749999999996 0.6322916666666667 0.090625 0.08958333333333333
1 0.725 0.7895833333333333 0.10625 0.058333333333333334
