0 0.5742812500000001 0.6009583333333333 0.0979531249999999 0.1386041666666666
0 0.507578125 0.7703541666666667 0.12389062499999995 0.09347916666666668
0 0.061203125000000004 0.6076250000000001 0.10928125 0.11858333333333325
0 0.433203125 0.4219791666666667 0.05265625000000007 0.15979166666666664
1 0.139171875 0.36466666666666664 0.10832812499999997 0.08768749999999995
1 0.228375 0.27422916666666663 0.04989062500000001 0.13154166666666664
1 0.26853125 0.37675000000000003 0.10206249999999999 0.05983333333333327
1 0.3130625 0.42570833333333336 0.07549999999999998 0.10774999999999994
1 0.2536875 0.5232291666666666 0.06924999999999999 0.11270833333333333
1 0.357125 0.4909375 0.044859374999999965 0.1352291666666667
1 0.38025000000000003 0.6080208333333333 0.08387499999999996 0.12227083333333345
1 0.514921875 0.42614583333333333 0.10420312499999991 0.09479166666666666
1 0.5972500000000001 0.0994375 0.05951562500000005 0.13135416666666666
1 0.74475 0.22422916666666665 0.05448437500000001 0.13514583333333335
1 0.69178125 0.33214583333333336 0.07043750000000007 0.12402083333333327
1 0.8108281249999999 0.38656250000000003 0.08978125000000006 0.09727083333333333
1 0.8739531250000001 0.451125 0.116015625 0.06522916666666667
1 0.887234375 0.35258333333333336 0.089453125 0.12518750000000006
1 0.9555 0.4300833333333333 0.06039062500000014 0.13649999999999995
1 0.899578125 0.6092708333333333 0.05476562499999993 0.12810416666666669
1 0.70553125 0.5976250000000001 0.07292187499999994 0.1319166666666667
1 0.8489531250000001 0.7176458333333334 0.05353124999999999 0.13862499999999991
1 0.056984375 0.7170000000000001 0.052265625 0.11683333333333341
1 0.498359375 0.5749166666666666 0.07734375 0.1073333333333333
1 0.886296875 0.8145208333333334 0.11882812499999992 0.07179166666666674