0 0.9375 0.41145833333333337 0.109375 0.11041666666666666
0 0.66953125 0.9 0.0703125 0.15833333333333333
0 0.48984375 0.709375 0.1265625 0.06458333333333334
0 0.66484375 0.5260416666666667 0.0984375 0.12291666666666666
0 0.8953125 0.3291666666666667 0.115625 0.07083333333333333
0 0.46953124999999996 0.26979166666666665 0.0609375 0.16875
1 0.27734375 0.76875 0.0890625 0.1
1 0.4546875 0.6416666666666666 0.1 0.08333333333333333
1 0.48203125 0.853125 0.0421875 0.11875
1 0.86953125 0.6979166666666667 0.0828125 0.075
1 0.909375 0.825 0.1 0.07083333333333333
1 0.9578125 0.60625 0.084375 0.07916666666666666
1 0.66171875 0.3427083333333333 0.0921875 0.08541666666666667
1 0.5984375 0.43333333333333335 0.046875 0.1375
1 0.54140625 0.39375000000000004 0.0484375 0.14166666666666666
1 0.4625 0.459375 0.078125 0.11041666666666666
1 0.40312499999999996 0.36458333333333337 0.05 0.14166666666666666
1 0.30859375 0.36979166666666663 0.0984375 0.07291666666666667
1 0.18828124999999996 0.37916666666666665 0.0484375 0.15
1 0.11640625000000004 0.353125 0.0546875 0.13125
1 0.06718749999999996 0.46875 0.096875 0.08333333333333333
1 0.15546875000000004 0.5510416666666667 0.1109375 0.07708333333333334
1 0.8015625 0.29270833333333335 0.0625 0.11875
1 0.22421875000000002 0.3427083333333333 0.0578125 0.13541666666666666
1 0.043749999999999956 0.8760416666666666 0.0875 0.07291666666666667
