0 0.156515625 0.33341666666666664 0.08114062500000001 0.15352083333333333
0 0.34790625 0.39760416666666665 0.07329687500000004 0.14854166666666668
0 0.45242187500000003 0.4109375 0.05421875000000007 0.15854166666666672
0 0.60865625 0.6717916666666667 0.07918749999999992 0.15310416666666668
0 0.28415625 0.6409374999999999 0.07081249999999999 0.14810416666666673
0 0.14182812499999997 0.7563958333333333 0.12051562499999997 0.07556249999999996
1 0.214625 0.5713541666666667 0.059890624999999975 0.14562499999999995
1 0.37525 0.3033958333333333 0.04360937500000004 0.12320833333333331
1 0.42867187500000004 0.20610416666666667 0.044234374999999916 0.1447291666666667
1 0.5061718749999999 0.24091666666666664 0.06328125 0.11847916666666665
1 0.74084375 0.35570833333333335 0.07479687500000001 0.09777083333333335
1 0.841921875 0.46154166666666663 0.10509374999999999 0.06939583333333334
1 0.756296875 0.5626041666666667 0.05635937500000008 0.13812499999999997
1 0.8310000000000001 0.5423958333333334 0.11051562500000003 0.0910416666666667
1 0.824734375 0.6386666666666667 0.05196874999999999 0.12352083333333326
1 0.897078125 0.6509583333333333 0.08771875000000015 0.0614166666666667
1 0.54740625 0.603875 0.09420312499999994 0.08608333333333344
1 0.420078125 0.6197083333333333 0.04892187499999996 0.13443749999999993
1 0.43460937499999996 0.4951041666666667 0.05014062500000005 0.12689583333333337
1 0.509140625 0.6941041666666667 0.05828124999999993 0.11237499999999988
1 0.172140625 0.12110416666666667 0.07489062499999999 0.12468750000000002
1 0.040781250000000005 0.2513125 0.08156250000000001 0.06904166666666664
1 0.6653749999999999 0.06983333333333334 0.09574999999999996 0.06952083333333331
1 0.1818125 0.6959791666666667 0.07551562500000002 0.09529166666666669
1 0.35368750000000004 0.6928541666666667 0.05575000000000001 0.11820833333333335
1 0.748484375 0.6765833333333333 0.08698437499999993 0.08933333333333332
1 0.801765625 0.14316666666666666 0.09040624999999994 0.10616666666666669