0 0.70703125 0.3458333333333333 0.1171875 0.1125
0 0.64453125 0.5479166666666666 0.0703125 0.15416666666666667
0 0.628125 0.9260416666666667 0.09375 0.14791666666666667
1 0.9234375 0.8739583333333334 0.040625 0.13125
1 0.88515625 0.7197916666666666 0.0859375 0.06458333333333334
1 0.9546875 0.6677083333333333 0.090625 0.06458333333333334
1 0.88125 0.575 0.103125 0.07083333333333333
1 0.87109375 0.490625 0.1015625 0.06875
1 0.7546875 0.5739583333333333 0.090625 0.07291666666666667
1 0.5375 0.6645833333333333 0.059375 0.14166666666666666
1 0.7328125 0.8791666666666667 0.090625 0.1125
1 0.25312500000000004 0.9083333333333333 0.0625 0.13333333333333333
1 0.15781250000000002 0.875 0.078125 0.09583333333333334
1 0.038281250000000044 0.66875 0.0703125 0.1375
1 0.07656249999999998 0.7895833333333333 0.071875 0.10833333333333334
1 0.30937499999999996 0.38020833333333337 0.05625 0.13125
1 0.41328125000000004 0.4979166666666667 0.0484375 0.14583333333333334
1 0.20234375000000004 0.47187500000000004 0.0859375 0.12291666666666666
1 0.10859375000000004 0.4614583333333333 0.1078125 0.06875
1 0.10859375000000004 0.365625 0.0609375 0.13541666666666666
1 0.6109375 0.42708333333333337 0.078125 0.10416666666666667
1 0.54296875 0.3666666666666667 0.0765625 0.11666666666666667
1 0.415625 0.475 0.0 0.0
