0 0.29296875 0.3458333333333333 0.1171875 0.1125
0 0.35546875 0.5479166666666666 0.0703125 0.15416666666666667
0 0.371875 0.9260416666666667 0.09375 0.14791666666666667
1 0.0765625 0.8739583333333334 0.040625 0.13125
1 0.11484375 0.7197916666666666 0.0859375 0.06458333333333334
1 0.0453125 0.6677083333333333 0.090625 0.06458333333333334
1 0.11875 0.575 0.103125 0.07083333333333333
1 0.12890625 0.490625 0.1015625 0.06875
1 0.2453125 0.5739583333333333 0.090625 0.07291666666666667
1 0.4625 0.6645833333333333 0.059375 0.14166666666666666
1 0.2671875 0.8791666666666667 0.090625 0.1125
1 0.746875 0.9083333333333333 0.0625 0.13333333333333333
1 0.8421875 0.875 0.078125 0.09583333333333334
1 0.96171875 0.66875 0.0703125 0.1375
1 0.9234375 0.7895833333333333 0.071875 0.10833333333333334
1 0.690625 0.38020833333333337 0.05625 0.13125
1 0.58671875 0.4979166666666667 0.0484375 0.14583333333333334
1 0.79765625 0.47187500000000004 0.0859375 0.12291666666666666
1 0.89140625 0.4614583333333333 0.1078125 0.06875
1 0.89140625 0.365625 0.0609375 0.13541666666666666
1 0.3890625 0.42708333333333337 0.078125 0.10416666666666667
1 0.45703125 0.3666666666666667 0.0765625 0.11666666666666667
1 0.584375 0.475 0.0 0.0
