0 0.478046875 0.08358333333333333 0.11796875 0.11635416666666669
0 0.176515625 0.07729166666666668 0.05864062500000002 0.15458333333333335
0 0.2180625 0.3438333333333333 0.11050000000000001 0.14935416666666665
0 0.12042187499999998 0.6459791666666667 0.09334375000000002 0.16193750000000004
0 0.860359375 0.6895 0.11426562499999982 0.12183333333333338
0 0.705375 0.7084583333333333 0.09924999999999998 0.11308333333333327
1 0.19181250000000002 0.5515833333333333 0.058015625000000015 0.14400000000000002
1 0.062765625 0.2313125 0.06865625 0.10906250000000002
1 0.435390625 0.34279166666666666 0.04828124999999996 0.13477083333333334
1 0.538359375 0.3813333333333333 0.0948281249999999 0.07435416666666667
1 0.455234375 0.5899166666666668 0.053593749999999926 0.1373333333333333
1 0.530859375 0.5096875 0.09232812500000005 0.08106250000000005
1 0.6099218750000001 0.6032291666666667 0.08079687500000006 0.10268749999999992
1 0.5622499999999999 0.6692916666666666 0.06451562499999994 0.12474999999999999
1 0.7711406249999999 0.5228125 0.09167187500000003 0.08854166666666667
1 0.9380000000000001 0.43947916666666664 0.062890625 0.128125
1 0.7106874999999999 0.3346666666666666 0.10510937499999998 0.08099999999999999
1 0.6638124999999999 0.113375 0.04887499999999996 0.11993749999999999
1 0.642875 0.029375 0.08825000000000002 0.05875
1 0.06401562499999999 0.5355416666666667 0.09615624999999998 0.06606250000000001
1 0.026718750000000003 0.6507708333333333 0.053437500000000006 0.1256875000000001
1 0.08292187499999999 0.6995 0.056640624999999986 0.1185
1 0.408515625 0.7122291666666667 0.09453125 0.08612500000000006
1 0.6011562500000001 0.7286666666666667 0.08918750000000006 0.09347916666666668
1 0.880671875 0.5730208333333333 0.10757812499999986 0.0756041666666666
1 0.8708281250000001 0.6330416666666667 0.09020312500000002 0.08893750000000011
1 0.2761875 0.7909791666666667 0.10573437500000002 0.05804166666666669