0 0.25234375 0.35520833333333335 0.1140625 0.09375
0 0.32890625 0.37916666666666665 0.1140625 0.0875
0 0.6265625 0.35520833333333335 0.121875 0.08958333333333333
0 0.59375 0.43437499999999996 0.10625 0.08541666666666667
0 0.16875 0.665625 0.1125 0.11875
1 0.51015625 0.484375 0.1109375 0.06458333333333334
1 0.32421875 0.66875 0.0921875 0.11666666666666667
1 0.259375 0.478125 0.05 0.13541666666666666
1 0.5125 0.6072916666666667 0.05625 0.13541666666666666
1 0.540625 0.703125 0.078125 0.11458333333333333
1 0.684375 0.6083333333333334 0.1125 0.13333333333333333
1 0.671875 0.79375 0.059375 0.18333333333333332
1 0.69453125 0.4552083333333333 0.0984375 0.08958333333333333
1 0.79296875 0.3416666666666667 0.0421875 0.12916666666666668
1 0.859375 0.3510416666666667 0.096875 0.06875
1 0.92734375 0.3583333333333333 0.0578125 0.13333333333333333
1 0.36171875 0.5135416666666667 0.0671875 0.09375
1 0.40390625 0.428125 0.0484375 0.13541666666666666
1 0.1640625 0.42500000000000004 0.103125 0.06666666666666667
1 0.1515625 0.48750000000000004 0.109375 0.05416666666666667
1 0.08515625 0.5239583333333333 0.0890625 0.07291666666666667
1 0.1 0.37187499999999996 0.04375 0.11458333333333333
1 0.04296875 0.3125 0.0421875 0.14166666666666666
0 0.053125 0.815625 0.10625 0.11041666666666666
1 0.1484375 0.7708333333333334 0.084375 0.1
0 0.315625 0.26249999999999996 0.109375 0.12083333333333333
0 0.48125 0.321875 0.071875 0.15625
