0 0.063234375 0.5894999999999999 0.11021875000000003 0.11149999999999996
0 0.33134375 0.1006875 0.07142187499999997 0.15885416666666666
0 0.510859375 0.2908958333333333 0.12732812500000001 0.06487499999999997
0 0.33603125 0.4748958333333333 0.09954687499999997 0.12397916666666665
0 0.105265625 0.6717916666666667 0.11615625 0.06975000000000003
0 0.531171875 0.7309583333333334 0.06170312500000001 0.16808333333333347
1 0.72334375 0.2317291666666667 0.08979687500000004 0.10014583333333335
1 0.545703125 0.35862499999999997 0.09984374999999997 0.08360416666666666
1 0.518359375 0.14735416666666667 0.042343750000000034 0.11887500000000001
1 0.131359375 0.30258333333333337 0.08395312499999999 0.07516666666666663
1 0.091515625 0.17589583333333333 0.10115624999999999 0.07179166666666668
1 0.04234375 0.39406250000000004 0.0846875 0.07893749999999997
1 0.33853125 0.6584583333333334 0.09204687500000004 0.08693750000000004
1 0.4018125 0.5676249999999999 0.047015625000000005 0.1385833333333333
1 0.458828125 0.6071875 0.04857812500000005 0.1406041666666667
1 0.538359375 0.542 0.07732812500000001 0.10981250000000002
1 0.5971093749999999 0.6359375 0.05017187500000002 0.14143749999999997
1 0.6916249999999999 0.631375 0.09823437500000001 0.07441666666666673
1 0.8122343750000001 0.6216041666666666 0.04946875000000004 0.15068750000000009
1 0.8842656249999999 0.6474166666666666 0.05540625000000006 0.1310208333333333
1 0.933015625 0.5317916666666667 0.09709375000000016 0.08356250000000003
1 0.8450468750000001 0.44968749999999996 0.11134374999999999 0.07770833333333335
1 0.19915624999999998 0.7076458333333334 0.063328125 0.11862499999999988
1 0.776453125 0.6576458333333334 0.05854687499999996 0.13527083333333323
1 0.95640625 0.124625 0.08718749999999993 0.07241666666666667