0 0.75546875 0.40937500000000004 0.0578125 0.17291666666666666
0 0.6296875 0.48020833333333335 0.09375 0.11458333333333333
0 0.540625 0.46458333333333335 0.071875 0.15833333333333333
0 0.53046875 0.5927083333333334 0.1015625 0.10208333333333333
0 0.8921875 0.7614583333333333 0.109375 0.12291666666666666
0 0.52109375 0.30104166666666665 0.1140625 0.10208333333333333
1 0.47968750000000004 0.64375 0.109375 0.08333333333333333
1 0.54296875 0.740625 0.0484375 0.12708333333333333
1 0.86328125 0.5666666666666667 0.0953125 0.10416666666666667
1 0.96640625 0.621875 0.0609375 0.14375
1 0.94453125 0.3895833333333333 0.0421875 0.12083333333333333
1 0.88125 0.34895833333333337 0.10625 0.08958333333333333
1 0.8171875 0.3208333333333333 0.046875 0.1375
1 0.74453125 0.5354166666666667 0.1046875 0.06666666666666667
1 0.70078125 0.4072916666666667 0.0578125 0.13125
1 0.42265624999999996 0.3458333333333333 0.0515625 0.14583333333333334
1 0.32734375000000004 0.4760416666666667 0.0859375 0.11875
1 0.18906250000000002 0.4552083333333333 0.0375 0.14375
1 0.16640624999999998 0.3760416666666667 0.0734375 0.11458333333333333
0 0.1171875 0.2958333333333333 0.1 0.10416666666666667
1 0.69296875 0.7135416666666667 0.0671875 0.12708333333333333
