0 0.29384375 0.6547083333333333 0.11604687499999997 0.1122708333333333
0 0.355875 0.45237499999999997 0.07012499999999999 0.15441666666666667
0 0.371875 0.07395833333333333 0.09375 0.14791666666666667
1 0.077453125 0.12714583333333335 0.04178124999999999 0.132625
1 0.115265625 0.2806875 0.08615625000000002 0.06445833333333333
1 0.046046875 0.3325833333333333 0.09209375 0.06485416666666666
1 0.11964062499999999 0.42593749999999997 0.10240625000000003 0.07185416666666669
1 0.129640625 0.5105208333333333 0.102390625 0.06729166666666662
1 0.2455625 0.4267708333333333 0.09050000000000002 0.07352083333333338
1 0.463203125 0.3359166666666667 0.06015625 0.1418541666666667
1 0.26775000000000004 0.12172916666666667 0.09112499999999998 0.11343750000000001
1 0.74771875 0.0919375 0.06354687499999993 0.13302083333333334
1 0.8427031250000001 0.12547916666666667 0.07853124999999998 0.0959375
1 0.96190625 0.33193750000000005 0.07007812499999985 0.13693750000000005
1 0.923953125 0.21089583333333334 0.07101562500000007 0.10847916666666665
1 0.6914687500000001 0.6209375 0.056062499999999994 0.13143750000000007
1 0.58740625 0.5024166666666666 0.049203125000000014 0.1456458333333334
1 0.797859375 0.5292708333333334 0.08571874999999993 0.1214583333333333
1 0.8919218750000001 0.5390833333333334 0.10740625000000001 0.06897916666666669
1 0.891609375 0.6346875 0.06071874999999984 0.13560416666666672
1 0.389296875 0.57325 0.07798437500000004 0.10399999999999997
1 0.45757812500000006 0.6345 0.07607812500000008 0.11818750000000004
1 0.584609375 0.5261458333333333 0.00017187500000002132 0.0014583333333333095