0 0.49140625 0.5479166666666666 0.0578125 0.175
0 0.69296875 0.45729166666666665 0.0671875 0.16041666666666668
0 0.26015625 0.5895833333333333 0.0859375 0.12916666666666668
0 0.36640625 0.6177083333333333 0.1171875 0.07708333333333334
0 0.28203125 0.7958333333333334 0.0546875 0.175
0 0.58671875 0.29374999999999996 0.0515625 0.17083333333333334
1 0.75625 0.44895833333333335 0.05625 0.14375
1 0.8015625 0.7322916666666667 0.053125 0.13958333333333334
1 0.56015625 0.69375 0.0734375 0.12083333333333333
1 0.51015625 0.659375 0.0828125 0.09791666666666667
1 0.59140625 0.5895833333333333 0.0921875 0.09166666666666666
1 0.45234375 0.7635416666666667 0.0640625 0.11041666666666666
1 0.090625 0.7885416666666667 0.1 0.06875
1 0.040625 0.46875 0.05 0.12083333333333333
1 0.11796875 0.4229166666666667 0.0953125 0.05416666666666667
1 0.20234375 0.4520833333333333 0.0765625 0.10416666666666667
1 0.3390625 0.5333333333333333 0.078125 0.12083333333333333
1 0.43359375 0.303125 0.0484375 0.13958333333333334
1 0.5171875 0.32499999999999996 0.053125 0.12916666666666668
1 0.55703125 0.5010416666666666 0.0546875 0.13125
1 0.36875 0.4229166666666667 0.078125 0.12916666666666668
1 0.2546875 0.3354166666666667 0.04375 0.1375
1 0.30234375 0.34687500000000004 0.0546875 0.12708333333333333
1 0.034375 0.6052083333333333 0.06875 0.10625
1 0.56953125 0.4041666666666667 0.0671875 0.1125
1 0.734375 0.34062499999999996 0.0875 0.06875
1 0.7890625 0.35 0.084375 0.11666666666666667
