0 0.50859375 0.5479166666666666 0.0578125 0.175
0 0.30703125 0.45729166666666665 0.0671875 0.16041666666666668
0 0.73984375 0.5895833333333333 0.0859375 0.12916666666666668
0 0.63359375 0.6177083333333333 0.1171875 0.07708333333333334
0 0.71796875 0.7958333333333334 0.0546875 0.175
0 0.41328125000000004 0.29374999999999996 0.0515625 0.17083333333333334
1 0.24375000000000002 0.44895833333333335 0.05625 0.14375
1 0.19843750000000004 0.7322916666666667 0.053125 0.13958333333333334
1 0.43984375 0.69375 0.0734375 0.12083333333333333
1 0.48984375 0.659375 0.0828125 0.09791666666666667
1 0.40859375 0.5895833333333333 0.0921875 0.09166666666666666
1 0.54765625 0.7635416666666667 0.0640625 0.11041666666666666
1 0.909375 0.7885416666666667 0.1 0.06875
1 0.959375 0.46875 0.05 0.12083333333333333
1 0.88203125 0.4229166666666667 0.0953125 0.05416666666666667
1 0.79765625 0.4520833333333333 0.0765625 0.10416666666666667
1 0.6609375 0.5333333333333333 0.078125 0.12083333333333333
1 0.56640625 0.303125 0.0484375 0.13958333333333334
1 0.4828125 0.32499999999999996 0.053125 0.12916666666666668
1 0.44296875 0.5010416666666666 0.0546875 0.13125
1 0.63125 0.4229166666666667 0.078125 0.12916666666666668
1 0.7453125 0.3354166666666667 0.04375 0.1375
1 0.69765625 0.34687500000000004 0.0546875 0.12708333333333333
1 0.965625 0.6052083333333333 0.06875 0.10625
1 0.43046874999999996 0.4041666666666667 0.0671875 0.1125
1 0.265625 0.34062499999999996 0.0875 0.06875
1 0.2109375 0.35 0.084375 0.11666666666666667
