0 0.25321875 0.6451250000000001 0.11518750000000003 0.09360416666666656
0 0.329625 0.621375 0.11485937499999999 0.08775000000000001
0 0.62709375 0.6459583333333333 0.12231249999999996 0.08808333333333328
0 0.593984375 0.5667916666666667 0.10640625000000004 0.08691666666666673
0 0.1693125 0.33529166666666665 0.11301562500000002 0.11975000000000004
1 0.510390625 0.5159374999999999 0.11076562499999998 0.06479166666666665
1 0.324625 0.33175000000000004 0.09235937500000002 0.1168333333333333
1 0.259625 0.5226041666666666 0.049875000000000023 0.13481249999999995
1 0.512734375 0.3936458333333333 0.05609374999999996 0.13643750000000002
1 0.5413281249999999 0.29758333333333337 0.07889062500000002 0.1151666666666667
1 0.68459375 0.39279166666666665 0.112296875 0.13193749999999996
1 0.67225 0.20674999999999996 0.05950000000000007 0.1834791666666666
1 0.6950624999999999 0.5459375000000001 0.09885937499999997 0.08812499999999997
1 0.793328125 0.6592916666666666 0.04229687499999999 0.12810416666666669
1 0.8600468749999999 0.650125 0.09614062499999995 0.07027083333333337
1 0.927859375 0.6420208333333334 0.058203125 0.1331874999999999
1 0.362125 0.4867708333333333 0.06735937500000003 0.09356250000000005
1 0.40462499999999996 0.5726041666666667 0.04764062500000001 0.1347916666666667
1 0.16493750000000001 0.5753125 0.10426562500000003 0.06685416666666673
1 0.152140625 0.5130208333333334 0.10989062499999998 0.05439583333333336
1 0.086046875 0.4767708333333333 0.08789062499999999 0.07354166666666669
1 0.10089062499999998 0.6290833333333333 0.04490625 0.11568749999999994
1 0.04325 0.6886875 0.042265624999999994 0.14320833333333335
0 0.053593749999999996 0.18545833333333334 0.10718749999999999 0.11074999999999999
1 0.148703125 0.22985416666666664 0.08426562500000001 0.09947916666666663
0 0.31603125 0.7380625 0.10954687500000002 0.12112499999999997
0 0.481953125 0.6786875 0.07265625 0.15654166666666663