0 0.05390625 0.91875 0.0984375 0.14583333333333334
0 0.3375 0.4208333333333333 0.128125 0.09583333333333334
0 0.2375 0.2802083333333333 0.10625 0.12291666666666666
0 0.63359375 0.6708333333333334 0.0921875 0.15416666666666667
0 0.70625 0.3427083333333333 0.0625 0.16458333333333333
0 0.925 0.39583333333333337 0.121875 0.07083333333333333
1 0.503125 0.71875 0.1 0.07083333333333333
1 0.475 0.5177083333333333 0.059375 0.13541666666666666
1 0.57890625 0.6083333333333334 0.0453125 0.13333333333333333
1 0.6515625 0.45833333333333337 0.046875 0.15
1 0.6078125 0.3260416666666667 0.046875 0.14375
0 0.42109375 0.29166666666666663 0.1046875 0.12083333333333333
1 0.471875 0.4083333333333333 0.09375 0.1
1 0.5921875 0.8802083333333334 0.096875 0.08125
1 0.71953125 0.4822916666666667 0.0828125 0.11041666666666666
1 0.77265625 0.5260416666666667 0.0859375 0.11041666666666666
1 0.859375 0.5197916666666667 0.1 0.07708333333333334
1 0.8546875 0.6291666666666667 0.090625 0.09583333333333334
1 0.9078125 0.6041666666666667 0.090625 0.09166666666666666
1 0.95390625 0.53125 0.0921875 0.06666666666666667
1 0.80546875 0.3666666666666667 0.1046875 0.10833333333333334
