0 0.94609375 0.08125 0.0984375 0.14583333333333334
0 0.6625 0.5791666666666667 0.128125 0.09583333333333334
0 0.7625 0.7197916666666667 0.10625 0.12291666666666666
0 0.36640625000000004 0.32916666666666666 0.0921875 0.15416666666666667
0 0.29374999999999996 0.6572916666666667 0.0625 0.16458333333333333
0 0.07499999999999996 0.6041666666666666 0.121875 0.07083333333333333
1 0.49687499999999996 0.28125 0.1 0.07083333333333333
1 0.525 0.4822916666666667 0.059375 0.13541666666666666
1 0.42109375000000004 0.39166666666666666 0.0453125 0.13333333333333333
1 0.34843749999999996 0.5416666666666666 0.046875 0.15
1 0.3921875 0.6739583333333333 0.046875 0.14375
0 0.57890625 0.7083333333333334 0.1046875 0.12083333333333333
1 0.528125 0.5916666666666667 0.09375 0.1
1 0.4078125 0.11979166666666667 0.096875 0.08125
1 0.28046875000000004 0.5177083333333333 0.0828125 0.11041666666666666
1 0.22734374999999996 0.4739583333333333 0.0859375 0.11041666666666666
1 0.140625 0.48020833333333335 0.1 0.07708333333333334
1 0.14531249999999996 0.37083333333333335 0.090625 0.09583333333333334
1 0.09218749999999998 0.3958333333333333 0.090625 0.09166666666666666
1 0.046093750000000044 0.46875 0.0921875 0.06666666666666667
1 0.19453125000000004 0.6333333333333333 0.1046875 0.10833333333333334
