0 0.24525000000000002 0.5913541666666667 0.05862499999999997 0.1722916666666667
0 0.37101562499999996 0.52075 0.09454687499999999 0.11564583333333338
0 0.460078125 0.5359375 0.07107812500000002 0.15814583333333326
0 0.469921875 0.4084375 0.10171875000000004 0.10352083333333333
0 0.108390625 0.23966666666666667 0.10990625000000001 0.12431249999999998
0 0.479609375 0.6993125 0.11484375 0.1019583333333332
1 0.520859375 0.35675 0.10982812499999994 0.0835208333333334
1 0.45757812500000006 0.259875 0.04890624999999993 0.12722916666666667
1 0.136984375 0.43383333333333335 0.09520312500000001 0.10400000000000004
1 0.033875 0.37843750000000004 0.061015625 0.1435208333333333
1 0.055890625000000006 0.6111666666666667 0.04240625 0.12152083333333343
1 0.119015625 0.6517916666666667 0.10632812499999997 0.09027083333333343
1 0.183703125 0.6797291666666666 0.04571874999999999 0.13779166666666665
1 0.25587499999999996 0.46510416666666665 0.10487500000000001 0.06687500000000005
1 0.29946875 0.5930416666666667 0.057687500000000023 0.1310833333333333
1 0.5775625 0.6551458333333334 0.05139062499999998 0.14693749999999994
1 0.6735 0.525125 0.08699999999999992 0.12022916666666668
1 0.811609375 0.5451250000000001 0.03821875000000006 0.1435833333333333
1 0.8339531250000001 0.625125 0.07353124999999991 0.11310416666666659
0 0.883171875 0.705125 0.10007812499999993 0.10308333333333337
1 0.30728125 0.2875833333333333 0.06706250000000002 0.1285