0 0.5625 0.725 0.078125 0.14583333333333334
0 0.5 0.7479166666666667 0.071875 0.15416666666666667
0 0.77265625 0.8510416666666667 0.0984375 0.13125
1 0.896875 0.6197916666666667 0.08125 0.13541666666666666
1 0.76640625 0.575 0.0546875 0.14583333333333334
0 0.79375 0.4125 0.10625 0.12916666666666668
1 0.49921875000000004 0.38749999999999996 0.0921875 0.12083333333333333
0 0.43671875000000004 0.44166666666666665 0.0984375 0.1125
1 0.353125 0.4145833333333333 0.046875 0.12916666666666668
1 0.38046875 0.5395833333333333 0.1140625 0.1
1 0.20625000000000004 0.35416666666666663 0.10625 0.08333333333333333
0 0.54296875 0.2822916666666667 0.1015625 0.13541666666666666
1 0.6703125 0.2833333333333333 0.103125 0.10416666666666667
1 0.75 0.30208333333333337 0.078125 0.125
1 0.4 0.21979166666666672 0.103125 0.06458333333333334
1 0.20156249999999998 0.2635416666666667 0.096875 0.07708333333333334
1 0.6234375 0.6270833333333333 0.078125 0.12916666666666668
1 0.884375 0.26041666666666663 0.1125 0.058333333333333334
1 0.11953124999999998 0.28125 0.0609375 0.1125
