0 0.5625 0.275 0.078125 0.14583333333333334
0 0.5 0.2520833333333333 0.071875 0.15416666666666667
0 0.77265625 0.14895833333333333 0.0984375 0.13125
1 0.896875 0.3802083333333333 0.08125 0.13541666666666666
1 0.76640625 0.425 0.0546875 0.14583333333333334
0 0.79375 0.5875 0.10625 0.12916666666666668
1 0.49921875000000004 0.6125 0.0921875 0.12083333333333333
0 0.43671875000000004 0.5583333333333333 0.0984375 0.1125
1 0.353125 0.5854166666666667 0.046875 0.12916666666666668
1 0.38046875 0.46041666666666664 0.1140625 0.1
1 0.20625000000000004 0.6458333333333334 0.10625 0.08333333333333333
0 0.54296875 0.7177083333333333 0.1015625 0.13541666666666666
1 0.6703125 0.7166666666666667 0.103125 0.10416666666666667
1 0.75 0.6979166666666666 0.078125 0.125
1 0.4 0.7802083333333333 0.103125 0.06458333333333334
1 0.20156249999999998 0.7364583333333333 0.096875 0.07708333333333334
1 0.6234375 0.3729166666666667 0.078125 0.12916666666666668
1 0.884375 0.7395833333333334 0.1125 0.058333333333333334
1 0.11953124999999998 0.71875 0.0609375 0.1125
