0 0.491796875 0.45260416666666664 0.057968750000000034 0.17522916666666669
0 0.69334375 0.54325 0.06731250000000007 0.16066666666666668
0 0.26040625 0.4107291666666667 0.08581250000000003 0.12895833333333329
0 0.3668125 0.383 0.11699999999999999 0.07768750000000005
0 0.28228125 0.2044375 0.05456250000000003 0.17472916666666669
0 0.5875625 0.7066041666666667 0.05139062499999998 0.1707083333333332
1 0.756453125 0.5515833333333333 0.05604687500000001 0.14400000000000002
1 0.801765625 0.2684166666666667 0.05292187499999992 0.1401666666666667
1 0.561 0.30654166666666666 0.0745156249999999 0.12058333333333332
1 0.510546875 0.341125 0.08295312500000004 0.0980833333333333
1 0.591796875 0.4109375 0.09203124999999997 0.09185416666666674
1 0.45320312500000004 0.2375625 0.06515625000000007 0.11181250000000004
1 0.091515625 0.21235416666666668 0.10115624999999999 0.06781250000000003
1 0.040890625 0.5315833333333333 0.049921875000000004 0.12064583333333338
1 0.118390625 0.57825 0.09507812499999999 0.053999999999999916
1 0.20259375 0.5490833333333334 0.07645312500000001 0.10566666666666673
1 0.3393125 0.46760416666666665 0.07798437500000004 0.121875
1 0.433984375 0.6972291666666667 0.04859375000000003 0.1394583333333332
1 0.5177343750000001 0.6759583333333333 0.053593749999999926 0.12808333333333338
1 0.557734375 0.4992708333333333 0.05390625 0.13147916666666665
1 0.369140625 0.5774166666666667 0.07829687500000002 0.12899999999999998
1 0.25509375 0.6649375000000001 0.043937500000000004 0.13735416666666656
1 0.30290625000000004 0.6534791666666667 0.05418750000000001 0.1269374999999999
1 0.03453125 0.3950833333333333 0.0690625 0.10650000000000001
1 0.570234375 0.5967916666666666 0.06640625 0.1135833333333333
1 0.73521875 0.6603333333333333 0.08854687499999994 0.0698541666666666
1 0.78975 0.6501458333333333 0.083015625 0.11693749999999999