0 0.94375 0.2833333333333333 0.084375 0.1375
0 0.6234375 0.53125 0.125 0.08333333333333333
0 0.671875 0.7135416666666666 0.134375 0.08125
0 0.17031249999999998 0.7177083333333333 0.109375 0.16041666666666668
0 0.26640624999999996 0.7395833333333334 0.1390625 0.09166666666666666
0 0.27656250000000004 0.659375 0.071875 0.17291666666666666
0 0.68671875 0.3072916666666667 0.0703125 0.14791666666666667
0 0.85078125 0.06666666666666667 0.0890625 0.13333333333333333
1 0.92421875 0.075 0.0796875 0.0625
1 0.871875 0.3885416666666667 0.0625 0.11875
1 0.59453125 0.3458333333333333 0.0765625 0.1
1 0.46875 0.21875 0.05625 0.1375
1 0.08906250000000004 0.1125 0.1 0.09166666666666666
1 0.14921874999999996 0.38333333333333336 0.0453125 0.13333333333333333
1 0.109375 0.49583333333333335 0.06875 0.1375
1 0.04140624999999998 0.4979166666666667 0.0390625 0.1375
1 0.1484375 0.571875 0.103125 0.09791666666666667
1 0.34765625 0.60625 0.0640625 0.1375
1 0.53671875 0.59375 0.1046875 0.09166666666666666
1 0.52265625 0.48333333333333334 0.0640625 0.12083333333333333
1 0.609375 0.640625 0.090625 0.06041666666666667
1 0.49375 0.65 0.10625 0.07083333333333333
1 0.8765625 0.55 0.078125 0.11666666666666667
1 0.775 0.64375 0.05 0.125
1 0.81640625 0.7072916666666667 0.0546875 0.13958333333333334
1 0.051562499999999956 0.6552083333333333 0.090625 0.11041666666666666
1 0.038281250000000044 0.36770833333333336 0.0765625 0.10625
