0 0.054171875 0.08191666666666665 0.09834375 0.14635416666666667
0 0.33790624999999996 0.580125 0.12829687500000003 0.09691666666666662
0 0.23776562499999998 0.720125 0.10635937499999999 0.12308333333333342
0 0.634140625 0.33006250000000004 0.09173437500000006 0.15320833333333336
0 0.7067812499999999 0.657625 0.06206250000000004 0.1647708333333334
0 0.92565625 0.6051249999999999 0.12257812500000007 0.06977083333333335
1 0.5033593749999999 0.2819375 0.09982812499999998 0.07029166666666668
1 0.475703125 0.48260416666666667 0.06015625 0.1352291666666667
1 0.57928125 0.39197916666666666 0.04545312500000005 0.13310416666666663
1 0.6520937499999999 0.542 0.04731249999999996 0.14983333333333332
1 0.60834375 0.6747291666666667 0.04732812499999994 0.1444583333333334
0 0.42179687499999996 0.7093125 0.10546875 0.12195833333333325
1 0.47242187500000005 0.5920000000000001 0.09421874999999993 0.09983333333333325
1 0.59303125 0.1206875 0.09793749999999993 0.08218750000000001
1 0.72021875 0.51825 0.08354687500000005 0.11064583333333336
1 0.772859375 0.4746875 0.08573437499999992 0.11104166666666669
1 0.859578125 0.48052083333333334 0.10020312499999981 0.07731250000000003
1 0.855515625 0.37174999999999997 0.08957812499999988 0.09685416666666669
1 0.908328125 0.39614583333333336 0.09021875000000001 0.09143749999999998
1 0.954109375 0.4696875 0.09178125000000001 0.06564583333333332
1 0.805828125 0.6340833333333333 0.10478124999999991 0.10902083333333341