0 0.61015625 0.628125 0.1078125 0.12291666666666666
0 0.175 0.6520833333333333 0.09375 0.13333333333333333
0 0.7453125 0.48124999999999996 0.1125 0.14583333333333334
0 0.51484375 0.8572916666666667 0.0609375 0.16875
1 0.28359375 0.6395833333333334 0.1109375 0.0625
1 0.06796875 0.428125 0.0734375 0.11458333333333333
1 0.4671875 0.5177083333333333 0.053125 0.13541666666666666
1 0.48984375 0.396875 0.0984375 0.09375
1 0.52109375 0.5395833333333333 0.0609375 0.14166666666666666
1 0.5953125 0.5375 0.084375 0.1125
1 0.65703125 0.4510416666666667 0.0984375 0.06458333333333334
1 0.70625 0.3885416666666667 0.103125 0.07291666666666667
1 0.85546875 0.3354166666666667 0.0796875 0.11666666666666667
1 0.871875 0.421875 0.0625 0.12708333333333333
1 0.90390625 0.4541666666666667 0.0640625 0.14166666666666666
1 0.66953125 0.6854166666666667 0.0921875 0.08333333333333333
1 0.88828125 0.83125 0.1078125 0.08333333333333333
1 0.96953125 0.7510416666666666 0.0546875 0.13125
1 0.96796875 0.6145833333333333 0.0640625 0.1375
1 0.45625 0.9635416666666666 0.09375 0.07291666666666667
1 0.3421875 0.33854166666666663 0.05625 0.13958333333333334
1 0.21171875 0.38749999999999996 0.0671875 0.125
1 0.1484375 0.4 0.071875 0.10416666666666667
1 0.6 0.31770833333333337 0.084375 0.09791666666666667
1 0.68515625 0.3041666666666667 0.0734375 0.12083333333333333
1 0.7890625 0.6270833333333333 0.1375 0.125
