1 0.9515625 0.6291666666666667 0.06875 0.12916666666666668
1 0.82421875 0.584375 0.0921875 0.13541666666666666
1 0.8125 0.6833333333333333 0.096875 0.1
1 0.7609375 0.8479166666666667 0.05625 0.15416666666666667
1 0.3921875 0.7270833333333333 0.06875 0.20833333333333334
1 0.2828125 0.5583333333333333 0.09375 0.1
1 0.303125 0.45729166666666665 0.075 0.11041666666666666
1 0.365625 0.3572916666666667 0.059375 0.13125
1 0.303125 0.25625 0.05 0.14166666666666666
1 0.23828125 0.23229166666666667 0.0953125 0.07291666666666667
1 0.06562500000000004 0.3125 0.0625 0.14583333333333334
1 0.49609375 0.39583333333333337 0.1078125 0.06666666666666667
1 0.83359375 0.365625 0.0953125 0.07708333333333334
0 0.7 0.7 0.0625 0.1625
1 0.44609374999999996 0.30833333333333335 0.0703125 0.13333333333333333
1 0.553125 0.24895833333333328 0.053125 0.08958333333333333
1 0.09687500000000004 0.24062499999999998 0.0875 0.08541666666666667
1 0.66328125 0.22916666666666663 0.0953125 0.058333333333333334
1 0.8265625 0.23333333333333328 0.10625 0.1
