1 0.9515625 0.37083333333333335 0.06875 0.12916666666666668
1 0.82421875 0.415625 0.0921875 0.13541666666666666
1 0.8125 0.31666666666666665 0.096875 0.1
1 0.7609375 0.15208333333333332 0.05625 0.15416666666666667
1 0.3921875 0.27291666666666664 0.06875 0.20833333333333334
1 0.2828125 0.44166666666666665 0.09375 0.1
1 0.303125 0.5427083333333333 0.075 0.11041666666666666
1 0.365625 0.6427083333333333 0.059375 0.13125
1 0.303125 0.74375 0.05 0.14166666666666666
1 0.23828125 0.7677083333333333 0.0953125 0.07291666666666667
1 0.06562500000000004 0.6875 0.0625 0.14583333333333334
1 0.49609375 0.6041666666666666 0.1078125 0.06666666666666667
1 0.83359375 0.634375 0.0953125 0.07708333333333334
0 0.7 0.3 0.0625 0.1625
1 0.44609374999999996 0.6916666666666667 0.0703125 0.13333333333333333
1 0.553125 0.7510416666666667 0.053125 0.08958333333333333
1 0.09687500000000004 0.759375 0.0875 0.08541666666666667
1 0.66328125 0.7708333333333334 0.0953125 0.058333333333333334
1 0.8265625 0.7666666666666667 0.10625 0.1
