0 0.43782812499999996 0.27541666666666664 0.07834374999999998 0.14606250000000004
0 0.500625 0.2533333333333333 0.07079687499999991 0.15416666666666667
0 0.22767187500000002 0.14956250000000001 0.09821875000000002 0.13243749999999999
1 0.10400000000000001 0.38166666666666665 0.08228125 0.13512500000000002
1 0.23390624999999998 0.42643749999999997 0.05521875000000005 0.14606250000000004
0 0.2065 0.5886250000000001 0.10665624999999998 0.12856250000000002
1 0.50165625 0.6136250000000001 0.09134375000000006 0.12060416666666664
0 0.56365625 0.5586666666666668 0.09848437499999996 0.1131458333333334
1 0.648171875 0.5859166666666666 0.04670312499999998 0.12945833333333331
1 0.62071875 0.4613125 0.11384375000000002 0.10118749999999999
1 0.794640625 0.6465833333333334 0.10714062500000007 0.08481250000000008
0 0.457921875 0.7190208333333333 0.10173437500000002 0.13564583333333335
1 0.330359375 0.7172708333333334 0.10267187499999997 0.10416666666666667
1 0.251109375 0.6979166666666666 0.078125 0.125
1 0.600359375 0.7805 0.10321874999999991 0.06414583333333326
1 0.799109375 0.7381041666666667 0.09598437499999993 0.07737499999999997
1 0.377484375 0.37375 0.07879687500000002 0.13083333333333336
1 0.116625 0.7410625 0.11271875000000002 0.05952083333333344
1 0.8811406249999999 0.7191041666666667 0.06165625000000006 0.11237499999999988