0 0.056984375 0.28425 0.08521874999999998 0.13850000000000004
0 0.376953125 0.5317916666666667 0.12517187500000002 0.08356250000000003
0 0.32853125 0.7143125 0.134546875 0.0819583333333334
0 0.83021875 0.7184583333333333 0.10895312500000003 0.15975000000000014
0 0.733796875 0.7403541666666666 0.1388593750000001 0.09320833333333335
0 0.7239687499999999 0.6601458333333333 0.07143750000000004 0.17362500000000006
0 0.314 0.3077916666666667 0.07112499999999997 0.1480833333333333
0 0.14921875 0.06666666666666667 0.0890625 0.13333333333333333
1 0.076671875 0.07545833333333334 0.08084374999999999 0.06258333333333332
1 0.129015625 0.38925 0.06365625000000001 0.1181666666666666
1 0.40601562500000005 0.3465416666666667 0.07704687499999996 0.09943750000000004
1 0.532109375 0.219 0.05732812499999991 0.13781249999999998
1 0.9120781250000001 0.11339583333333335 0.09976562499999986 0.09010416666666668
1 0.8514531249999999 0.3844791666666667 0.04603125000000006 0.13477083333333334
1 0.891140625 0.49674999999999997 0.06834375000000001 0.13647916666666665
1 0.9589375 0.4992708333333334 0.038515625000000143 0.13856250000000003
1 0.852390625 0.572625 0.10415625000000013 0.09858333333333338
1 0.6525624999999999 0.6065833333333334 0.06387499999999999 0.13735416666666656
1 0.46414062500000003 0.5942708333333333 0.10578125000000008 0.09143749999999998
1 0.47757812499999996 0.4842708333333333 0.06390624999999997 0.12189583333333331
1 0.39132812499999997 0.641375 0.09142187499999999 0.06110416666666675
1 0.507109375 0.6509583333333333 0.10515624999999992 0.07193749999999995
1 0.12432812499999998 0.5503333333333333 0.07803125 0.11649999999999998
1 0.22556250000000003 0.6443125 0.050515624999999974 0.12527083333333333
1 0.184328125 0.7082708333333334 0.05551562500000003 0.14070833333333327
1 0.9489375000000001 0.6561875 0.091015625 0.11152083333333328
1 0.961875 0.36841666666666667 0.07624999999999993 0.10685416666666671