0 0.2875 0.51875 0.075 0.15833333333333333
0 0.2484375 0.6114583333333333 0.071875 0.13125
0 0.43125 0.4395833333333333 0.115625 0.11666666666666667
0 0.33125 0.33125000000000004 0.06875 0.17083333333333334
0 0.503125 0.8614583333333333 0.075 0.14791666666666667
1 0.16953125 0.5291666666666667 0.0828125 0.11666666666666667
1 0.08203125 0.5854166666666667 0.0828125 0.1
1 0.0734375 0.9427083333333334 0.09375 0.09375
1 0.40546875 0.7541666666666667 0.0796875 0.1125
1 0.45546875 0.671875 0.0578125 0.12291666666666666
1 0.521875 0.6041666666666667 0.05 0.12916666666666668
1 0.57578125 0.6635416666666667 0.0390625 0.13125
1 0.6421875 0.5666666666666667 0.071875 0.13333333333333333
1 0.71171875 0.575 0.0453125 0.14583333333333334
1 0.71953125 0.7385416666666667 0.0921875 0.10625
1 0.86171875 0.7541666666666667 0.1046875 0.06666666666666667
1 0.85078125 0.559375 0.1140625 0.06458333333333334
1 0.909375 0.48124999999999996 0.1 0.06666666666666667
1 0.69375 0.4552083333333333 0.053125 0.13958333333333334
1 0.42734375 0.3260416666666667 0.0890625 0.10208333333333333
1 0.14453125 0.3270833333333333 0.0734375 0.125
1 0.24765625 0.3833333333333333 0.0546875 0.13333333333333333
1 0.675 0.3364583333333333 0.10625 0.06875
1 0.84921875 0.36875 0.0515625 0.13333333333333333
1 0.95390625 0.40312499999999996 0.0890625 0.08541666666666667
