0 0.7125 0.48125 0.075 0.15833333333333333
0 0.7515625 0.3885416666666667 0.071875 0.13125
0 0.56875 0.5604166666666667 0.115625 0.11666666666666667
0 0.66875 0.66875 0.06875 0.17083333333333334
0 0.49687499999999996 0.13854166666666667 0.075 0.14791666666666667
1 0.83046875 0.4708333333333333 0.0828125 0.11666666666666667
1 0.91796875 0.41458333333333336 0.0828125 0.1
1 0.9265625 0.057291666666666664 0.09375 0.09375
1 0.59453125 0.24583333333333332 0.0796875 0.1125
1 0.54453125 0.328125 0.0578125 0.12291666666666666
1 0.478125 0.3958333333333333 0.05 0.12916666666666668
1 0.42421875 0.33645833333333336 0.0390625 0.13125
1 0.3578125 0.43333333333333335 0.071875 0.13333333333333333
1 0.28828125000000004 0.425 0.0453125 0.14583333333333334
1 0.28046875000000004 0.26145833333333335 0.0921875 0.10625
1 0.13828125000000002 0.24583333333333332 0.1046875 0.06666666666666667
1 0.14921874999999996 0.440625 0.1140625 0.06458333333333334
1 0.09062499999999996 0.51875 0.1 0.06666666666666667
1 0.30625 0.5447916666666667 0.053125 0.13958333333333334
1 0.57265625 0.6739583333333333 0.0890625 0.10208333333333333
1 0.85546875 0.6729166666666667 0.0734375 0.125
1 0.75234375 0.6166666666666667 0.0546875 0.13333333333333333
1 0.32499999999999996 0.6635416666666667 0.10625 0.06875
1 0.15078124999999998 0.63125 0.0515625 0.13333333333333333
1 0.046093750000000044 0.596875 0.0890625 0.08541666666666667
