0 0.610703125 0.3727916666666667 0.10735937500000006 0.12193749999999995
0 0.175875 0.3484166666666667 0.094890625 0.1335208333333334
0 0.745671875 0.5199166666666667 0.1126093749999999 0.1473125
0 0.515234375 0.14360416666666667 0.06109375000000004 0.1697083333333333
1 0.284 0.3607083333333333 0.111125 0.06224999999999999
1 0.068703125 0.572625 0.07428125 0.11525000000000005
1 0.46773437500000004 0.4834375 0.053593749999999926 0.13689583333333336
1 0.490703125 0.6042916666666667 0.09732812499999995 0.09525000000000006
1 0.521484375 0.4609375 0.06107812500000005 0.14187500000000006
1 0.596171875 0.463 0.08329687500000009 0.11231249999999994
1 0.6575624999999999 0.5492708333333333 0.09887499999999996 0.06479166666666672
1 0.7066250000000001 0.612625 0.1032343749999999 0.07143749999999992
1 0.855828125 0.6651458333333333 0.07978124999999991 0.11693749999999999
1 0.872078125 0.5784583333333334 0.062281249999999844 0.12691666666666665
1 0.9045781249999999 0.547 0.06476562500000008 0.14316666666666672
1 0.670375 0.3150833333333333 0.09324999999999992 0.08349999999999996
1 0.8889531249999999 0.169625 0.10851562500000007 0.08239583333333331
1 0.9702031249999999 0.2500625 0.05398437499999993 0.12989583333333335
1 0.968125 0.3865416666666667 0.06374999999999993 0.13610416666666664
1 0.45648437499999994 0.036708333333333336 0.09359374999999996 0.07341666666666667
1 0.34259375 0.6620208333333333 0.056421875000000024 0.13985416666666667
1 0.21212499999999998 0.6128333333333333 0.067390625 0.12485416666666656
1 0.14932812499999998 0.6009583333333333 0.07301562499999999 0.10524999999999997
1 0.6006875 0.6834583333333334 0.08512500000000003 0.09641666666666661
1 0.685375 0.6967916666666666 0.07325 0.11975000000000004
1 0.789421875 0.37385416666666665 0.1375937499999999 0.12602083333333336