0 0.103125 0.809375 0.1 0.14791666666666667
0 0.496875 0.875 0.0625 0.15
0 0.34296875 0.675 0.0828125 0.15833333333333333
0 0.17890625 0.3302083333333333 0.0609375 0.16458333333333333
1 0.60078125 0.5177083333333333 0.0859375 0.11875
1 0.6421875 0.32291666666666663 0.05 0.14166666666666666
1 0.7171875 0.44375 0.06875 0.12083333333333333
1 0.81640625 0.4072916666666667 0.0984375 0.06458333333333334
1 0.80703125 0.3302083333333333 0.1015625 0.08958333333333333
1 0.91484375 0.45833333333333337 0.0546875 0.125
1 0.9625 0.5291666666666667 0.075 0.09166666666666666
1 0.6921875 0.78125 0.090625 0.09583333333333334
1 0.565625 0.9354166666666667 0.075 0.12916666666666668
1 0.315625 0.79375 0.1125 0.0625
1 0.18515625 0.709375 0.0765625 0.13125
1 0.1234375 0.6260416666666666 0.071875 0.13125
1 0.12578125 0.4770833333333333 0.0578125 0.1375
1 0.35703125 0.38125 0.0828125 0.09583333333333334
1 0.47421875 0.353125 0.0953125 0.06458333333333334
1 0.5734375 0.31875 0.053125 0.1375
1 0.9625 0.35 0.075 0.11666666666666667
1 0.4515625 0.5052083333333333 0.046875 0.14375
1 0.0453125 0.509375 0.090625 0.09791666666666667
