0 0.2880625 0.4821666666666667 0.07549999999999998 0.1573125
0 0.2486875 0.38927083333333334 0.07175000000000002 0.13185416666666672
0 0.431640625 0.561375 0.11578125000000003 0.11774999999999997
0 0.332125 0.6699166666666667 0.06762499999999996 0.16935416666666658
0 0.503984375 0.13922916666666665 0.07609375000000007 0.1484583333333334
1 0.170265625 0.4715416666666667 0.08364062500000002 0.11606249999999996
1 0.082765625 0.41508333333333336 0.08365624999999999 0.09983333333333337
1 0.073859375 0.058145833333333334 0.09396875 0.09285416666666667
1 0.405859375 0.24631250000000002 0.07985937500000002 0.11239583333333338
1 0.455859375 0.32839583333333333 0.05764062499999998 0.12318749999999999
1 0.522109375 0.39633333333333337 0.04982812499999998 0.12900000000000003
1 0.57615625 0.337375 0.03920312500000005 0.13227083333333337
1 0.64271875 0.433625 0.07142187500000005 0.13358333333333333
1 0.7119375 0.42552083333333335 0.04510937500000001 0.1460416666666667
1 0.720375 0.26195833333333335 0.09323437499999994 0.10639583333333334
1 0.862078125 0.2465208333333333 0.10478124999999991 0.06612499999999999
1 0.8514531249999999 0.44093750000000004 0.11353125000000004 0.06520833333333335
1 0.909578125 0.5196875 0.09976562499999986 0.065625
1 0.6944375 0.5459375000000001 0.05237499999999997 0.13812499999999997
1 0.427578125 0.6751458333333333 0.08890624999999996 0.1036041666666667
1 0.144953125 0.6745208333333333 0.074265625 0.12485416666666656
1 0.24821875000000002 0.6170000000000001 0.05518749999999999 0.1331874999999999
1 0.6755312499999999 0.6640833333333334 0.10543750000000003 0.06902083333333332
1 0.849734375 0.6317916666666666 0.05196874999999999 0.13360416666666666
1 0.9545312499999999 0.5974166666666666 0.08843749999999986 0.08566666666666668