0 0.71171875 0.6 0.0640625 0.15833333333333333
0 0.6671875 0.578125 0.059375 0.15625
0 0.86640625 0.5916666666666667 0.1046875 0.12916666666666668
0 0.91796875 0.6510416666666666 0.0859375 0.14791666666666667
0 0.70703125 0.26666666666666666 0.0828125 0.17083333333333334
0 0.3671875 0.5666666666666667 0.071875 0.15416666666666667
0 0.47343749999999996 0.728125 0.084375 0.12708333333333333
0 0.42656249999999996 0.46458333333333335 0.059375 0.14583333333333334
1 0.896875 0.33541666666666664 0.1125 0.075
1 0.9515625 0.07604166666666666 0.05625 0.12291666666666666
1 0.41093749999999996 0.065625 0.059375 0.13125
1 0.1328125 0.103125 0.109375 0.08958333333333333
1 0.03125 0.171875 0.0625 0.17708333333333334
1 0.15468749999999998 0.41770833333333335 0.059375 0.14791666666666667
1 0.2796875 0.5083333333333333 0.059375 0.125
1 0.30703125 0.6239583333333333 0.0421875 0.14791666666666667
1 0.23203125000000002 0.590625 0.0734375 0.12291666666666666
1 0.19453125000000004 0.6635416666666667 0.0703125 0.12708333333333333
1 0.12031250000000004 0.6645833333333333 0.046875 0.15
1 0.37968749999999996 0.328125 0.059375 0.14375
1 0.59453125 0.38333333333333336 0.0578125 0.14166666666666666
1 0.65078125 0.4625 0.1046875 0.06666666666666667
1 0.49765625 0.3572916666666667 0.0796875 0.09791666666666667
1 0.940625 0.4864583333333333 0.0625 0.12291666666666666
1 0.86328125 0.47708333333333336 0.0578125 0.12083333333333333
1 0.671875 0.7458333333333333 0.05 0.1375
1 0.6046875 0.6270833333333333 0.0625 0.13333333333333333
1 0.49765625 0.6072916666666667 0.0609375 0.13125
1 0.46562499999999996 0.5510416666666667 0.0625 0.12291666666666666
1 0.36875 0.7083333333333334 0.05625 0.10833333333333334
1 0.03749999999999998 0.5322916666666667 0.075 0.06458333333333334
