0 0.103390625 0.19110416666666669 0.09990625 0.14806249999999999
0 0.497734375 0.12610416666666666 0.06359375000000007 0.15137499999999998
0 0.34384375 0.3257083333333333 0.08392187499999997 0.15893750000000004
0 0.17917187499999998 0.6705416666666667 0.06082812499999999 0.16393750000000012
1 0.6013124999999999 0.4834375 0.08637499999999995 0.12022916666666668
1 0.642875 0.6776458333333333 0.05075000000000003 0.1419583333333333
1 0.7175625 0.5565833333333334 0.06885937500000008 0.12066666666666664
1 0.816609375 0.5930416666666667 0.09821874999999994 0.06441666666666658
1 0.8075625000000001 0.6701250000000001 0.10114062500000003 0.08975000000000008
1 0.9155156249999999 0.5423958333333334 0.05539062500000007 0.12437500000000004
1 0.96265625 0.4711458333333333 0.07468749999999993 0.09145833333333328
1 0.6927187499999999 0.21902083333333333 0.09104687499999997 0.09556250000000001
1 0.566484375 0.06479166666666666 0.07390624999999992 0.12958333333333333
1 0.315875 0.20735416666666667 0.11260937499999998 0.06114583333333332
1 0.186046875 0.2908958333333333 0.07540624999999998 0.13154166666666664
1 0.124015625 0.37424999999999997 0.07134375 0.13152083333333334
1 0.126046875 0.5236458333333334 0.057906250000000006 0.1368958333333333
1 0.35775 0.6190833333333334 0.08360937499999999 0.09566666666666658
1 0.474453125 0.647625 0.09515624999999997 0.06527083333333342
1 0.5739687499999999 0.6824375 0.05357812499999994 0.13904166666666667
1 0.96265625 0.6503333333333334 0.07468749999999993 0.11685416666666673
1 0.45210937500000004 0.49595833333333333 0.04734374999999993 0.1452291666666667
1 0.045421875 0.49156249999999996 0.09084375 0.09939583333333335