0 0.3625 0.390625 0.10625 0.13125
0 0.26328125 0.41041666666666665 0.0734375 0.1625
0 0.190625 0.390625 0.05625 0.17708333333333334
0 0.12421875 0.41666666666666663 0.0890625 0.1375
0 0.46171875 0.4052083333333333 0.0546875 0.17708333333333334
0 0.51484375 0.33229166666666665 0.0484375 0.18125
0 0.45234375 0.6864583333333334 0.0984375 0.11041666666666666
1 0.65546875 0.5729166666666667 0.0671875 0.13333333333333333
1 0.86015625 0.490625 0.1234375 0.07708333333333334
1 0.67578125 0.38541666666666663 0.0796875 0.12083333333333333
1 0.78203125 0.31875 0.1046875 0.09583333333333334
1 0.60625 0.39583333333333337 0.046875 0.125
1 0.1 0.7041666666666666 0.11875 0.075
1 0.25546875 0.6375 0.0546875 0.13333333333333333
1 0.2125 0.5666666666666667 0.075 0.09583333333333334
1 0.0875 0.6125 0.071875 0.10833333333333334
1 0.76640625 0.9197916666666667 0.1234375 0.09375
1 0.65546875 0.275 0.0671875 0.125
0 0.3875 0.29270833333333335 0.11875 0.08541666666666667
1 0.04921875 0.29270833333333335 0.0984375 0.09375
1 0.5640625 0.34791666666666665 0.05625 0.12083333333333333
