0 0.6375 0.609375 0.10625 0.13125
0 0.73671875 0.5895833333333333 0.0734375 0.1625
0 0.809375 0.609375 0.05625 0.17708333333333334
0 0.87578125 0.5833333333333334 0.0890625 0.1375
0 0.53828125 0.5947916666666667 0.0546875 0.17708333333333334
0 0.48515624999999996 0.6677083333333333 0.0484375 0.18125
0 0.54765625 0.31354166666666666 0.0984375 0.11041666666666666
1 0.34453124999999996 0.4270833333333333 0.0671875 0.13333333333333333
1 0.13984375000000004 0.509375 0.1234375 0.07708333333333334
1 0.32421875 0.6145833333333334 0.0796875 0.12083333333333333
1 0.21796875000000004 0.68125 0.1046875 0.09583333333333334
1 0.39375000000000004 0.6041666666666666 0.046875 0.125
1 0.9 0.29583333333333334 0.11875 0.075
1 0.74453125 0.3625 0.0546875 0.13333333333333333
1 0.7875 0.43333333333333335 0.075 0.09583333333333334
1 0.9125 0.3875 0.071875 0.10833333333333334
1 0.23359375000000004 0.08020833333333334 0.1234375 0.09375
1 0.34453124999999996 0.725 0.0671875 0.125
0 0.6125 0.7072916666666667 0.11875 0.08541666666666667
1 0.95078125 0.7072916666666667 0.0984375 0.09375
1 0.4359375 0.6520833333333333 0.05625 0.12083333333333333
