0 0.2886875 0.60075 0.06425 0.15902083333333336
0 0.3336875 0.5792708333333334 0.058249999999999955 0.15479166666666663
0 0.134328125 0.5922083333333333 0.105515625 0.12941666666666668
0 0.08260937499999998 0.6513958333333334 0.08646875 0.14777083333333324
0 0.29321875 0.26758333333333334 0.08268750000000002 0.17183333333333337
0 0.6331875 0.5676249999999999 0.07262500000000002 0.15524999999999997
0 0.527109375 0.7284791666666667 0.08482812499999995 0.1269583333333332
0 0.57365625 0.46531249999999996 0.05920312499999998 0.14647916666666666
1 0.103390625 0.3359166666666667 0.11257812499999997 0.07516666666666663
1 0.048859375000000003 0.07647916666666665 0.05646875 0.12285416666666665
1 0.5895937499999999 0.06583333333333334 0.05982812499999994 0.13166666666666668
1 0.867390625 0.10420833333333333 0.10915624999999984 0.08825
1 0.9689062500000001 0.17277083333333335 0.06218749999999993 0.17806249999999998
1 0.845828125 0.41802083333333334 0.05978124999999999 0.1477083333333334
1 0.72084375 0.5090625 0.05979687499999997 0.12439583333333329
1 0.6931875 0.6242708333333333 0.04237500000000001 0.14810416666666673
1 0.768640625 0.5913541666666667 0.07417187499999996 0.1222916666666667
1 0.805671875 0.6647083333333333 0.07009374999999993 0.12558333333333327
1 0.879890625 0.6651458333333333 0.046656249999999844 0.15029166666666663
1 0.6208437499999999 0.32925 0.059812499999999956 0.1451875
1 0.40632812500000004 0.3840625 0.05892187500000001 0.14227083333333337
1 0.34962499999999996 0.46320833333333333 0.10485937500000002 0.06606249999999995
1 0.503046875 0.3575833333333333 0.08046875 0.0981875
1 0.059640625 0.48674999999999996 0.062406249999999996 0.12314583333333336
1 0.137140625 0.4778125 0.05759374999999998 0.12147916666666667
1 0.329 0.7463958333333333 0.051125000000000045 0.13781249999999995
1 0.395703125 0.62825 0.06267187500000002 0.13402083333333342
1 0.502734375 0.6078333333333333 0.06109375000000004 0.13152083333333334
1 0.5346093749999999 0.5517916666666667 0.06232812499999998 0.12358333333333338
1 0.63209375 0.7091041666666666 0.05731249999999992 0.10904166666666673
1 0.96265625 0.5334375 0.07468749999999993 0.06312499999999996