0 0.47578125000000004 0.7135416666666667 0.0546875 0.16041666666666668
0 0.52734375 0.7677083333333333 0.0484375 0.14375
0 0.7359375 0.43125 0.078125 0.15833333333333333
0 0.69140625 0.45833333333333337 0.0890625 0.13333333333333333
0 0.73671875 0.31666666666666665 0.1078125 0.10416666666666667
0 0.5296875 0.3666666666666667 0.05 0.16666666666666666
0 0.40156250000000004 0.32291666666666663 0.121875 0.10416666666666667
0 0.80859375 0.73125 0.0640625 0.16666666666666666
0 0.953125 0.50625 0.09375 0.14583333333333334
1 0.809375 0.43437499999999996 0.0875 0.06875
1 0.27890625 0.3760416666666667 0.0859375 0.11458333333333333
1 0.30625 0.48124999999999996 0.1125 0.07083333333333333
1 0.13124999999999998 0.38645833333333335 0.06875 0.14791666666666667
1 0.04921874999999998 0.41874999999999996 0.0984375 0.0625
1 0.09453124999999996 0.275 0.1203125 0.07083333333333333
1 0.67265625 0.7625 0.0671875 0.1375
1 0.71328125 0.6229166666666667 0.0671875 0.12083333333333333
1 0.4765625 0.9604166666666667 0.1 0.07916666666666666
1 0.31953125000000004 0.88125 0.0484375 0.15416666666666667
1 0.821875 0.971875 0.121875 0.05625
1 0.92421875 0.91875 0.0546875 0.13333333333333333
1 0.8625 0.8572916666666667 0.071875 0.09375
1 0.93359375 0.6645833333333333 0.0453125 0.1375
1 0.56796875 0.28541666666666665 0.0640625 0.12083333333333333
