0 0.36275 0.6103124999999999 0.10637499999999997 0.1301875
0 0.26384375000000004 0.5903333333333334 0.07393749999999999 0.1631875
0 0.1911875 0.6099166666666667 0.05676562500000002 0.17735416666666665
0 0.125421875 0.5842916666666667 0.08834374999999998 0.1385833333333333
0 0.462109375 0.595125 0.05484375000000004 0.17693749999999994
0 0.515390625 0.6684583333333334 0.04921875 0.17977083333333327
0 0.452734375 0.31445833333333334 0.09859375000000004 0.11141666666666668
1 0.6558437500000001 0.4280208333333333 0.06731250000000007 0.134375
1 0.860359375 0.5101041666666667 0.12321874999999993 0.07645833333333331
1 0.6759999999999999 0.61575 0.07949999999999999 0.12235416666666671
1 0.782234375 0.6824166666666667 0.10446874999999993 0.09433333333333328
1 0.6069375 0.6045 0.04764062500000001 0.12483333333333325
1 0.100265625 0.2969583333333333 0.11865624999999999 0.07641666666666667
1 0.25587499999999996 0.36320833333333336 0.05487500000000001 0.13277083333333337
1 0.21306250000000002 0.43385416666666665 0.07551562499999998 0.09604166666666672
1 0.088234375 0.3878125 0.07271874999999998 0.10810416666666664
1 0.7675468750000001 0.08108333333333334 0.12384374999999999 0.09468750000000001
1 0.6556875 0.72575 0.06735937500000003 0.12433333333333323
0 0.388359375 0.7076458333333334 0.11985937500000002 0.08529166666666654
1 0.049796875000000004 0.7082499999999999 0.09959375000000001 0.0926666666666667
1 0.56521875 0.6522083333333334 0.05607812499999998 0.12060416666666664