0 0.48671875 0.6770833333333334 0.0828125 0.1375
0 0.5 0.27291666666666664 0.06875 0.15833333333333333
0 0.83515625 0.215625 0.0890625 0.15208333333333332
0 0.775 0.48541666666666666 0.06875 0.1625
0 0.6828125 0.55 0.084375 0.1375
1 0.66484375 0.40520833333333334 0.0484375 0.13958333333333334
1 0.61015625 0.51875 0.0828125 0.09583333333333334
1 0.30937499999999996 0.5125 0.0875 0.10833333333333334
1 0.35234374999999996 0.6145833333333334 0.0984375 0.08333333333333333
1 0.21718749999999998 0.625 0.096875 0.125
1 0.125 0.584375 0.075 0.13541666666666666
1 0.13906249999999998 0.471875 0.09375 0.08958333333333333
1 0.10234374999999996 0.37916666666666665 0.0828125 0.11666666666666667
1 0.8875 0.08645833333333333 0.090625 0.06041666666666667
1 0.8140625 0.10104166666666667 0.065625 0.10208333333333333
1 0.88203125 0.29270833333333335 0.0640625 0.13541666666666666
1 0.934375 0.321875 0.05 0.12708333333333333
1 0.7671875 0.6791666666666667 0.046875 0.13333333333333333
1 0.26796875 0.6729166666666667 0.0703125 0.125
1 0.050000000000000044 0.6239583333333333 0.053125 0.15208333333333332
1 0.03749999999999998 0.50625 0.075 0.0875
