0 0.524609375 0.28674999999999995 0.05482812500000005 0.16016666666666665
0 0.47289062499999995 0.233 0.04828124999999996 0.14431249999999995
0 0.2643125 0.5692916666666666 0.07800000000000003 0.15858333333333335
0 0.309 0.5428125 0.088875 0.13187499999999996
0 0.264 0.6843125000000001 0.10862499999999997 0.10527083333333327
0 0.471015625 0.6341041666666667 0.04953125000000007 0.16568749999999993
0 0.59865625 0.6778541666666666 0.12168749999999999 0.10485416666666675
0 0.192125 0.26966666666666667 0.06489062500000001 0.1676666666666667
0 0.047031250000000004 0.49445833333333333 0.09406250000000001 0.14522916666666663
1 0.190875 0.5667916666666667 0.08739062500000001 0.07025000000000006
1 0.72146875 0.6242708333333333 0.08604687500000008 0.1147708333333334
1 0.69428125 0.5194791666666666 0.11292187499999998 0.07147916666666668
1 0.868953125 0.6142916666666667 0.06853124999999985 0.14860416666666676
1 0.950984375 0.5820000000000001 0.09803125000000001 0.06316666666666677
1 0.905671875 0.7259791666666667 0.12007812499999986 0.07195833333333326
1 0.32806250000000003 0.23799999999999996 0.06798437499999999 0.1376458333333333
1 0.28712499999999996 0.3778125 0.067375 0.12143750000000005
1 0.524609375 0.03979166666666667 0.09982812499999998 0.07958333333333334
1 0.6809999999999999 0.11983333333333336 0.04800000000000004 0.15285416666666668
1 0.178859375 0.028333333333333332 0.12103124999999997 0.056666666666666664
1 0.076046875 0.08168749999999998 0.054593749999999996 0.1332708333333333
1 0.137921875 0.14316666666666666 0.07165624999999998 0.09283333333333334
1 0.066671875 0.336125 0.04584375 0.13810416666666672
1 0.432421875 0.7149375 0.06421875000000003 0.12070833333333321