0 0.81171875 0.34062499999999996 0.0765625 0.14375
0 0.73125 0.35416666666666663 0.05625 0.15416666666666667
0 0.665625 0.359375 0.075 0.14791666666666667
0 0.65234375 0.45729166666666665 0.0953125 0.13541666666666666
0 0.56875 0.3729166666666667 0.08125 0.15
0 0.53671875 0.6770833333333333 0.0921875 0.15
0 0.5625 0.8260416666666667 0.10625 0.13541666666666666
0 0.95234375 0.7354166666666666 0.0609375 0.17083333333333334
1 0.41953125 0.6166666666666667 0.0546875 0.13333333333333333
1 0.24687499999999996 0.565625 0.05 0.14375
1 0.14375000000000004 0.50625 0.09375 0.0875
1 0.45546875 0.8479166666666667 0.0828125 0.1125
1 0.59375 0.50625 0.075 0.10833333333333334
1 0.53125 0.4989583333333333 0.06875 0.13541666666666666
1 0.48906249999999996 0.5572916666666667 0.075 0.11458333333333333
1 0.453125 0.4510416666666667 0.078125 0.11458333333333333
1 0.44140625 0.32499999999999996 0.0578125 0.13333333333333333
1 0.3109375 0.38125 0.096875 0.0875
1 0.21562499999999996 0.3729166666666667 0.1 0.075
1 0.290625 0.30625 0.1125 0.07083333333333333
1 0.1015625 0.3927083333333333 0.0625 0.13541666666666666
1 0.82109375 0.9427083333333334 0.0546875 0.11458333333333333
1 0.771875 0.5072916666666667 0.0625 0.13541666666666666
1 0.7109375 0.5166666666666666 0.071875 0.10833333333333334
1 0.50234375 0.31666666666666665 0.0484375 0.13333333333333333
0 0.840625 0.5729166666666667 0.1 0.125
1 0.596875 0.671875 0.05 0.11458333333333333
1 0.16328125000000004 0.303125 0.0984375 0.09375
1 0.017187500000000022 0.4302083333333333 0.034375 0.12708333333333333
