0 0.5139843749999999 0.67825 0.08357812500000002 0.13599999999999995
0 0.500859375 0.2738333333333333 0.06984375000000007 0.15933333333333338
0 0.165734375 0.21589583333333331 0.09020312500000001 0.15181250000000002
0 0.22525 0.4865833333333333 0.06864062500000001 0.16397916666666668
0 0.31775000000000003 0.5505208333333333 0.083875 0.13729166666666662
1 0.33525 0.4061458333333333 0.048609375000000024 0.13812500000000003
1 0.3905625 0.5194791666666666 0.08199999999999999 0.09520833333333331
1 0.6914687500000001 0.5136666666666667 0.08854687499999994 0.10981250000000002
1 0.64896875 0.615125 0.09856250000000007 0.08358333333333334
1 0.783328125 0.62575 0.09728125000000007 0.1256875000000001
1 0.875359375 0.5853333333333333 0.07571875000000006 0.13649999999999995
1 0.8612968750000001 0.47218750000000004 0.09384374999999992 0.08937499999999995
1 0.898015625 0.3798958333333333 0.08289062499999993 0.11727083333333338
1 0.11292187499999999 0.08670833333333333 0.09084375000000001 0.06008333333333334
1 0.18682812499999998 0.10191666666666667 0.06446874999999999 0.10302083333333335
1 0.11854687500000001 0.29362499999999997 0.06459375 0.1364166666666667
1 0.066515625 0.32279166666666664 0.05115624999999999 0.12808333333333335
1 0.23337500000000003 0.6799375 0.04739062499999998 0.13404166666666673
1 0.73271875 0.6738958333333334 0.07104687500000004 0.1261041666666666
1 0.95034375 0.625125 0.05320312499999993 0.1536041666666667
1 0.96265625 0.5065625 0.07468749999999993 0.08731250000000006