0 0.4 0.4375 0.059375 0.1625
0 0.68203125 0.6645833333333333 0.0796875 0.17083333333333334
0 0.6796875 0.50625 0.09375 0.15833333333333333
0 0.71328125 0.325 0.1015625 0.1375
0 0.58515625 0.07395833333333333 0.1015625 0.13125
0 0.30703125 0.7375 0.1328125 0.10833333333333334
0 0.521875 0.740625 0.11875 0.09791666666666667
1 0.478125 0.5427083333333333 0.059375 0.13125
1 0.61015625 0.44583333333333336 0.0734375 0.125
1 0.23359375000000004 0.578125 0.0671875 0.16041666666666668
1 0.09609374999999998 0.45208333333333334 0.0859375 0.09583333333333334
1 0.034375000000000044 0.5375 0.06875 0.09166666666666666
1 0.09140625000000002 0.6104166666666667 0.0890625 0.1125
1 0.1484375 0.6604166666666667 0.05 0.1375
1 0.6671875 0.13020833333333334 0.053125 0.13125
1 0.771875 0.5572916666666666 0.075 0.13125
1 0.859375 0.6020833333333333 0.1 0.07916666666666666
1 0.846875 0.5125 0.0875 0.0875
0 0.8296875 0.7145833333333333 0.09375 0.15
1 0.22812500000000002 0.7197916666666667 0.075 0.09791666666666667
