0 0.4 0.5625 0.059375 0.1625
0 0.68203125 0.3354166666666667 0.0796875 0.17083333333333334
0 0.6796875 0.49375 0.09375 0.15833333333333333
0 0.71328125 0.675 0.1015625 0.1375
0 0.58515625 0.9260416666666667 0.1015625 0.13125
0 0.30703125 0.26249999999999996 0.1328125 0.10833333333333334
0 0.521875 0.259375 0.11875 0.09791666666666667
1 0.478125 0.45729166666666665 0.059375 0.13125
1 0.61015625 0.5541666666666667 0.0734375 0.125
1 0.23359375000000004 0.421875 0.0671875 0.16041666666666668
1 0.09609374999999998 0.5479166666666666 0.0859375 0.09583333333333334
1 0.034375000000000044 0.4625 0.06875 0.09166666666666666
1 0.09140625000000002 0.3895833333333333 0.0890625 0.1125
1 0.1484375 0.33958333333333335 0.05 0.1375
1 0.6671875 0.8697916666666666 0.053125 0.13125
1 0.771875 0.44270833333333337 0.075 0.13125
1 0.859375 0.3979166666666667 0.1 0.07916666666666666
1 0.846875 0.48750000000000004 0.0875 0.0875
0 0.8296875 0.28541666666666665 0.09375 0.15
1 0.22812500000000002 0.2802083333333333 0.075 0.09791666666666667
