0 0.18868750000000004 0.6599375 0.07676562500000002 0.14402083333333332
0 0.269625 0.6463958333333333 0.057375000000000044 0.15443749999999998
0 0.334625 0.6417916666666666 0.07512499999999997 0.14643749999999991
0 0.3480625 0.5436666666666666 0.09548437500000002 0.13649999999999995
0 0.432125 0.6280208333333334 0.080140625 0.14893750000000003
0 0.463984375 0.3233958333333333 0.09139062500000002 0.149875
0 0.43773437499999995 0.17422916666666666 0.10609374999999996 0.13512500000000002
0 0.047921875 0.2657083333333333 0.060843749999999995 0.17225
1 0.58084375 0.38364583333333335 0.05482812500000005 0.13310416666666663
1 0.7539687500000001 0.4348958333333333 0.051046874999999936 0.14395833333333338
1 0.8570781249999999 0.49489583333333337 0.09478125000000012 0.08606250000000007
1 0.545390625 0.15275 0.08171874999999992 0.11199999999999997
1 0.40679687500000006 0.4942708333333333 0.07548437499999996 0.10856250000000003
1 0.46898437499999995 0.5021875 0.06889062500000005 0.13397916666666673
1 0.511640625 0.44302083333333336 0.07576562500000002 0.11437499999999995
1 0.547265625 0.5501041666666667 0.07796874999999996 0.11312499999999996
1 0.559296875 0.6761666666666667 0.05703125 0.13183333333333327
1 0.68959375 0.6199166666666667 0.09729687499999998 0.08602083333333325
1 0.7852187500000001 0.627625 0.09895312500000006 0.07525000000000001
1 0.71021875 0.6940833333333334 0.11354687499999994 0.07100000000000009
1 0.8991093749999999 0.6078125 0.06320312500000007 0.13518749999999996
1 0.179328125 0.0575 0.054468749999999976 0.115
1 0.228375 0.4936458333333333 0.06239062500000001 0.13647916666666665
1 0.2893125 0.4840625 0.07198437499999999 0.10897916666666667
1 0.498359375 0.6845208333333334 0.04765625 0.13487500000000002
0 0.15964062499999998 0.4276041666666667 0.09989062499999998 0.1252083333333334
1 0.403984375 0.3290416666666667 0.05110937500000001 0.11558333333333337
1 0.837703125 0.6980416666666667 0.09853124999999992 0.09224999999999994
1 0.9829687500000001 0.5701250000000001 0.034062499999999926 0.12691666666666665