0 0.86796875 0.6947916666666667 0.0703125 0.17291666666666666
1 0.32578125 0.671875 0.0703125 0.14375
1 0.1859375 0.7989583333333333 0.09375 0.11458333333333333
1 0.39375 0.43437499999999996 0.109375 0.11875
1 0.59453125 0.40937500000000004 0.0984375 0.09791666666666667
1 0.8375 0.3354166666666667 0.090625 0.12083333333333333
1 0.9375 0.38541666666666663 0.125 0.075
1 0.9609375 0.265625 0.078125 0.13958333333333334
1 0.21953125 0.3208333333333333 0.1046875 0.125
1 0.70078125 0.2833333333333333 0.0984375 0.11666666666666667
1 0.628125 0.2895833333333333 0.08125 0.1375
0 0.4734375 0.33125000000000004 0.096875 0.13333333333333333
1 0.5109375 0.40625 0.053125 0.15
1 0.790625 0.24791666666666667 0.09375 0.1
1 0.1 0.2260416666666667 0.096875 0.08125
1 0.29296875 0.22187500000000004 0.0984375 0.07291666666666667
