0 0.13203125000000004 0.30520833333333336 0.0703125 0.17291666666666666
1 0.67421875 0.328125 0.0703125 0.14375
1 0.8140625 0.20104166666666667 0.09375 0.11458333333333333
1 0.60625 0.565625 0.109375 0.11875
1 0.40546875000000004 0.590625 0.0984375 0.09791666666666667
1 0.16249999999999998 0.6645833333333333 0.090625 0.12083333333333333
1 0.0625 0.6145833333333334 0.125 0.075
1 0.0390625 0.734375 0.078125 0.13958333333333334
1 0.78046875 0.6791666666666667 0.1046875 0.125
1 0.29921875 0.7166666666666667 0.0984375 0.11666666666666667
1 0.37187499999999996 0.7104166666666667 0.08125 0.1375
0 0.5265625 0.66875 0.096875 0.13333333333333333
1 0.48906249999999996 0.59375 0.053125 0.15
1 0.20937499999999998 0.7520833333333333 0.09375 0.1
1 0.9 0.7739583333333333 0.096875 0.08125
1 0.70703125 0.778125 0.0984375 0.07291666666666667
