0 0.6011562500000001 0.4384375 0.05920312499999998 0.16354166666666667
0 0.31837499999999996 0.6657708333333333 0.07985937500000002 0.17237500000000003
0 0.32103125 0.5072083333333334 0.09454687499999999 0.15939583333333338
0 0.28728125000000004 0.3259166666666667 0.10206249999999999 0.13850000000000004
0 0.41507812499999996 0.07441666666666666 0.10140624999999996 0.1313541666666667
0 0.69334375 0.7386666666666667 0.13267187499999994 0.10681249999999996
0 0.478671875 0.7417916666666666 0.11921874999999993 0.09639583333333329
1 0.522265625 0.5430416666666668 0.05951562500000005 0.1310833333333333
1 0.390234375 0.4469791666666667 0.07360937500000002 0.1264583333333333
1 0.7669218750000001 0.5792916666666666 0.06760937500000005 0.16191666666666674
1 0.904734375 0.45239583333333333 0.08695312500000014 0.09562499999999995
1 0.96578125 0.5386458333333334 0.06843749999999993 0.0902083333333333
1 0.908796875 0.6115833333333334 0.08882812499999986 0.11400000000000006
1 0.852078125 0.6609583333333333 0.049781249999999846 0.13810416666666658
1 0.33337500000000003 0.13066666666666665 0.05262500000000001 0.13116666666666668
1 0.229 0.5578333333333333 0.07612500000000003 0.1315
1 0.140890625 0.6024166666666667 0.09989062500000001 0.07899999999999992
1 0.153859375 0.5130208333333334 0.08645312499999998 0.08772916666666669
0 0.17103125 0.7151458333333333 0.094578125 0.15029166666666663
1 0.7727031249999999 0.7207708333333334 0.07604687500000003 0.0990416666666666