0 0.50625 0.6822916666666667 0.05625 0.16875
0 0.34453124999999996 0.3833333333333333 0.0609375 0.17916666666666667
0 0.421875 0.3927083333333333 0.08125 0.16458333333333333
0 0.43437499999999996 0.5125 0.1125 0.08333333333333333
0 0.82890625 0.7 0.0890625 0.1375
0 0.8046875 0.8416666666666667 0.09375 0.1375
0 0.6328125 0.4833333333333333 0.11875 0.11666666666666667
0 0.70078125 0.36458333333333337 0.0734375 0.15833333333333333
1 0.23593750000000002 0.5354166666666667 0.059375 0.13333333333333333
1 0.14921874999999996 0.60625 0.1015625 0.07916666666666666
1 0.63828125 0.365625 0.0796875 0.11875
1 0.5375 0.33958333333333335 0.04375 0.14583333333333334
1 0.775 0.5583333333333333 0.06875 0.125
1 0.90078125 0.7802083333333334 0.0640625 0.12708333333333333
1 0.96484375 0.3989583333333333 0.0484375 0.11875
1 0.77265625 0.290625 0.0984375 0.08125
0 0.2265625 0.30729166666666663 0.096875 0.14375
0 0.1953125 0.37083333333333335 0.084375 0.15833333333333333
