0 0.50625 0.3177083333333333 0.05625 0.16875
0 0.34453124999999996 0.6166666666666667 0.0609375 0.17916666666666667
0 0.421875 0.6072916666666667 0.08125 0.16458333333333333
0 0.43437499999999996 0.4875 0.1125 0.08333333333333333
0 0.82890625 0.3 0.0890625 0.1375
0 0.8046875 0.15833333333333333 0.09375 0.1375
0 0.6328125 0.5166666666666667 0.11875 0.11666666666666667
0 0.70078125 0.6354166666666666 0.0734375 0.15833333333333333
1 0.23593750000000002 0.46458333333333335 0.059375 0.13333333333333333
1 0.14921874999999996 0.39375 0.1015625 0.07916666666666666
1 0.63828125 0.634375 0.0796875 0.11875
1 0.5375 0.6604166666666667 0.04375 0.14583333333333334
1 0.775 0.44166666666666665 0.06875 0.125
1 0.90078125 0.21979166666666666 0.0640625 0.12708333333333333
1 0.96484375 0.6010416666666667 0.0484375 0.11875
1 0.77265625 0.709375 0.0984375 0.08125
0 0.2265625 0.6927083333333334 0.096875 0.14375
0 0.1953125 0.6291666666666667 0.084375 0.15833333333333333
