0 0.2109375 0.8708333333333333 0.078125 0.1625
1 0.30546874999999996 0.8510416666666667 0.1015625 0.10625
1 0.24140625000000004 0.7197916666666666 0.0734375 0.13958333333333334
1 0.19609374999999996 0.3833333333333333 0.0640625 0.12916666666666668
1 0.5640625 0.5895833333333333 0.084375 0.09166666666666666
1 0.52734375 0.521875 0.0984375 0.06458333333333334
1 0.72109375 0.4770833333333333 0.0609375 0.13333333333333333
1 0.86015625 0.41770833333333335 0.0640625 0.13541666666666666
1 0.871875 0.7708333333333334 0.05 0.125
1 0.803125 0.7479166666666667 0.06875 0.125
1 0.709375 0.7322916666666667 0.1 0.09791666666666667
1 0.49921875000000004 0.8604166666666666 0.1078125 0.07083333333333333
1 0.32578125 0.32291666666666663 0.1078125 0.1
1 0.78671875 0.3114583333333333 0.1015625 0.06875
1 0.6109375 0.4145833333333333 0.084375 0.1
1 0.62890625 0.5010416666666666 0.1046875 0.06875
1 0.68828125 0.58125 0.0828125 0.1
1 0.68359375 0.6489583333333333 0.1015625 0.06041666666666667
1 0.7359375 0.8375 0.065625 0.1125
1 0.659375 0.365625 0.04375 0.13125
1 0.140625 0.21562499999999996 0.10625 0.07291666666666667
1 0.5359375 0.275 0.04375 0.11666666666666667
