0 0.7890625 0.8708333333333333 0.078125 0.1625
1 0.69453125 0.8510416666666667 0.1015625 0.10625
1 0.75859375 0.7197916666666666 0.0734375 0.13958333333333334
1 0.80390625 0.3833333333333333 0.0640625 0.12916666666666668
1 0.4359375 0.5895833333333333 0.084375 0.09166666666666666
1 0.47265625 0.521875 0.0984375 0.06458333333333334
1 0.27890625 0.4770833333333333 0.0609375 0.13333333333333333
1 0.13984375 0.41770833333333335 0.0640625 0.13541666666666666
1 0.128125 0.7708333333333334 0.05 0.125
1 0.196875 0.7479166666666667 0.06875 0.125
1 0.290625 0.7322916666666667 0.1 0.09791666666666667
1 0.50078125 0.8604166666666666 0.1078125 0.07083333333333333
1 0.67421875 0.32291666666666663 0.1078125 0.1
1 0.21328125 0.3114583333333333 0.1015625 0.06875
1 0.3890625 0.4145833333333333 0.084375 0.1
1 0.37109375 0.5010416666666666 0.1046875 0.06875
1 0.31171875 0.58125 0.0828125 0.1
1 0.31640625 0.6489583333333333 0.1015625 0.06041666666666667
1 0.2640625 0.8375 0.065625 0.1125
1 0.340625 0.365625 0.04375 0.13125
1 0.859375 0.21562499999999996 0.10625 0.07291666666666667
1 0.4640625 0.275 0.04375 0.11666666666666667
