0 0.869125 0.30591666666666667 0.06985937500000006 0.17172916666666668
1 0.325890625 0.3295208333333333 0.07028125000000003 0.14345833333333335
1 0.18682812499999998 0.20160416666666667 0.09249999999999999 0.11429166666666664
1 0.39453125 0.5662291666666667 0.10826562499999999 0.11756249999999996
1 0.595421875 0.5922708333333334 0.09932812500000007 0.0982083333333333
1 0.8387343749999999 0.6647916666666667 0.09040624999999994 0.1205416666666667
1 0.9375 0.6153333333333334 0.125 0.07589583333333323
1 0.9615 0.735125 0.07699999999999996 0.13987499999999997
1 0.21998437499999998 0.67925 0.10495312500000002 0.12506249999999994
1 0.702015625 0.718 0.09821875000000002 0.11756249999999989
1 0.628609375 0.7111875 0.08071874999999995 0.13856249999999998
0 0.47462499999999996 0.6696458333333334 0.09656249999999993 0.13393749999999993
1 0.5113125000000001 0.5945 0.05360937499999992 0.14993750000000006
1 0.7912968750000001 0.7537291666666667 0.09375000000000008 0.09970833333333336
1 0.100640625 0.774875 0.0978125 0.08118750000000005
1 0.29353125 0.7790208333333334 0.09821875000000002 0.07291666666666667