0 0.493984375 0.31925000000000003 0.05609374999999996 0.16852083333333331
0 0.6564687499999999 0.6174375 0.06106250000000006 0.1790208333333334
0 0.5788125 0.6084583333333333 0.08139062500000005 0.1636041666666666
0 0.56584375 0.48822916666666666 0.11232812499999997 0.08395833333333336
0 0.171828125 0.30070833333333336 0.08946874999999999 0.13783333333333336
0 0.19603125 0.15922916666666667 0.094578125 0.1384583333333333
0 0.3680625 0.5176041666666666 0.11950000000000002 0.11814583333333335
0 0.29978125 0.6367708333333333 0.07292187500000002 0.15977083333333345
1 0.764578125 0.46508333333333335 0.05979687499999997 0.13314583333333327
1 0.851140625 0.39489583333333333 0.10165624999999992 0.08060416666666666
1 0.36259375 0.6355416666666667 0.07856249999999995 0.11727083333333325
1 0.463359375 0.6611666666666667 0.04484375000000007 0.1451875000000001
1 0.225875 0.442375 0.06989062500000001 0.1244166666666666
1 0.10010937499999999 0.22089583333333335 0.063515625 0.1284791666666667
1 0.03590625 0.602 0.04757812499999999 0.11983333333333329
1 0.22790625000000003 0.7103541666666667 0.09831250000000002 0.07987500000000007
0 0.7739687499999999 0.6934583333333334 0.09643749999999995 0.14308333333333348
0 0.805828125 0.6301458333333334 0.08478124999999999 0.1569375000000001