0 0.78515625 0.08958333333333333 0.0734375 0.15833333333333333
0 0.4390625 0.17708333333333334 0.090625 0.15
0 0.90078125 0.28229166666666666 0.0734375 0.15625
0 0.81171875 0.365625 0.0984375 0.13125
0 0.72421875 0.35 0.0765625 0.15833333333333333
0 0.40703124999999996 0.7354166666666667 0.0671875 0.15833333333333333
0 0.70546875 0.2520833333333333 0.0703125 0.18333333333333332
1 0.5640625 0.17916666666666667 0.059375 0.14166666666666666
1 0.353125 0.13125 0.0875 0.09583333333333334
1 0.29218750000000004 0.04895833333333333 0.0875 0.08541666666666667
1 0.30625 0.47604166666666664 0.05625 0.14791666666666667
1 0.25390625 0.5416666666666666 0.0640625 0.13333333333333333
1 0.19453125000000004 0.63125 0.0546875 0.14583333333333334
1 0.13593750000000004 0.565625 0.065625 0.14375
1 0.5671875 0.49895833333333334 0.059375 0.13125
1 0.4765625 0.51875 0.059375 0.1375
1 0.44999999999999996 0.346875 0.053125 0.14375
1 0.8578125 0.128125 0.065625 0.12291666666666666
1 0.75703125 0.6677083333333333 0.0953125 0.08125
0 0.50625 0.6322916666666667 0.109375 0.12708333333333333
1 0.575 0.6958333333333333 0.05 0.125
1 0.32499999999999996 0.65 0.09375 0.09583333333333334
0 0.30781250000000004 0.7354166666666667 0.128125 0.0875
1 0.91640625 0.6875 0.0609375 0.12083333333333333
0 0.975 0.3229166666666667 0.05 0.15833333333333333
0 0.64375 0.38229166666666664 0.11875 0.09375
1 0.66484375 0.465625 0.0578125 0.12291666666666666
1 0.51875 0.3625 0.08125 0.15833333333333333
