0 0.21525 0.09047916666666667 0.07364062499999999 0.15927083333333333
0 0.56146875 0.1779791666666667 0.09107812499999994 0.15095833333333328
0 0.099953125 0.28320833333333334 0.07428125 0.15725000000000003
0 0.188703125 0.3659166666666666 0.09821874999999998 0.13152083333333334
0 0.2765 0.35131249999999997 0.07635937500000001 0.1590208333333333
0 0.593828125 0.7359583333333333 0.0661093750000001 0.15808333333333333
0 0.29525 0.2529791666666667 0.07112499999999997 0.18239583333333337
1 0.436171875 0.18025 0.059218749999999966 0.1403333333333333
1 0.64771875 0.13193749999999999 0.08856249999999992 0.09635416666666667
1 0.7081875 0.04920833333333334 0.08760937500000007 0.08508333333333334
1 0.69396875 0.4763541666666667 0.056062499999999994 0.14772916666666672
1 0.74646875 0.5419791666666666 0.06393749999999994 0.13354166666666673
1 0.8056875 0.6323958333333334 0.05489062500000008 0.1443541666666666
1 0.8645781250000001 0.5665625 0.06521875000000002 0.14270833333333333
1 0.43367187500000004 0.5001041666666667 0.058265624999999946 0.12981250000000005
1 0.5239843750000001 0.5198958333333333 0.05890625000000007 0.13606250000000006
1 0.550859375 0.3481875 0.05265625000000007 0.14277083333333326
1 0.143078125 0.12920833333333334 0.06446874999999999 0.12158333333333333
1 0.24384375 0.6688958333333334 0.09643750000000002 0.08277083333333338
0 0.494765625 0.6330416666666667 0.10953125000000004 0.12777083333333342
1 0.42554687500000005 0.6970208333333333 0.050484374999999915 0.1265416666666667
1 0.67521875 0.6505416666666667 0.09392187500000002 0.09610416666666666
0 0.69303125 0.7365833333333334 0.1270468750000001 0.08597916666666663
1 0.08401562500000001 0.6880624999999999 0.06115625 0.12112499999999997
0 0.02515625 0.3238125 0.0503125 0.15737500000000004
0 0.357125 0.3832083333333333 0.11762499999999995 0.09274999999999996
1 0.33571875 0.4663333333333333 0.05731250000000001 0.12231249999999996
1 0.48148437499999996 0.3636041666666667 0.08109374999999996 0.15693749999999998