0 0.3078125 0.8114583333333334 0.071875 0.16458333333333333
0 0.18125 0.6489583333333333 0.096875 0.13958333333333334
0 0.0640625 0.7802083333333334 0.096875 0.13541666666666666
0 0.92109375 0.534375 0.1234375 0.13958333333333334
0 0.93359375 0.3927083333333333 0.1328125 0.09791666666666667
0 0.56015625 0.3145833333333333 0.1015625 0.1375
1 0.175 0.34062499999999996 0.09375 0.10625
1 0.36328125 0.46458333333333335 0.0796875 0.0625
1 0.42734375 0.4302083333333333 0.0484375 0.14791666666666667
1 0.45390625 0.6729166666666666 0.0484375 0.1625
1 0.59921875 0.6114583333333333 0.0484375 0.13958333333333334
1 0.70390625 0.7302083333333333 0.0484375 0.13958333333333334
1 0.65234375 0.44270833333333337 0.0609375 0.13541666666666666
1 0.728125 0.34687500000000004 0.071875 0.13958333333333334
1 0.6390625 0.3302083333333333 0.090625 0.08958333333333333
1 0.49296875 0.475 0.0453125 0.12083333333333333
1 0.71640625 0.48854166666666665 0.0859375 0.09375
0 0.46875 0.27812499999999996 0.06875 0.14791666666666667
