0 0.6921875 0.18854166666666666 0.071875 0.16458333333333333
0 0.81875 0.35104166666666664 0.096875 0.13958333333333334
0 0.9359375 0.21979166666666666 0.096875 0.13541666666666666
0 0.07890624999999996 0.465625 0.1234375 0.13958333333333334
0 0.06640625 0.6072916666666667 0.1328125 0.09791666666666667
0 0.43984375 0.6854166666666667 0.1015625 0.1375
1 0.825 0.659375 0.09375 0.10625
1 0.63671875 0.5354166666666667 0.0796875 0.0625
1 0.57265625 0.5697916666666667 0.0484375 0.14791666666666667
1 0.54609375 0.32708333333333334 0.0484375 0.1625
1 0.40078125 0.3885416666666667 0.0484375 0.13958333333333334
1 0.29609375000000004 0.26979166666666665 0.0484375 0.13958333333333334
1 0.34765625 0.5572916666666666 0.0609375 0.13541666666666666
1 0.271875 0.653125 0.071875 0.13958333333333334
1 0.3609375 0.6697916666666667 0.090625 0.08958333333333333
1 0.50703125 0.525 0.0453125 0.12083333333333333
1 0.28359375 0.5114583333333333 0.0859375 0.09375
0 0.53125 0.721875 0.06875 0.14791666666666667
