0 0.308375 0.18922916666666667 0.072375 0.16514583333333335
0 0.18196874999999998 0.35175 0.097703125 0.14018750000000005
0 0.06464062499999998 0.22047916666666667 0.09740625 0.13597916666666668
0 0.9214375 0.4665625 0.12351562499999993 0.1406458333333333
0 0.9337500000000001 0.6078333333333333 0.13249999999999992 0.09816666666666668
0 0.5603906249999999 0.6857500000000001 0.10171875000000004 0.13766666666666674
1 0.17525 0.6601458333333333 0.093640625 0.10693750000000009
1 0.364140625 0.5365833333333333 0.08079687500000002 0.06397916666666668
1 0.428203125 0.5705208333333334 0.04732812499999994 0.1472916666666667
1 0.45414062499999996 0.328 0.04828124999999996 0.16102083333333336
1 0.59990625 0.38945833333333335 0.049203125000000014 0.1386041666666666
1 0.704125 0.2702916666666667 0.048249999999999994 0.13974999999999996
1 0.65271875 0.5584583333333334 0.06106250000000006 0.13691666666666671
1 0.7285 0.6542916666666667 0.07198437500000007 0.13810416666666658
1 0.63928125 0.6703541666666666 0.09043749999999999 0.08985416666666665
1 0.493359375 0.5255208333333333 0.04515624999999997 0.12062499999999995
1 0.71678125 0.5126041666666666 0.08542187499999994 0.09522916666666668
0 0.46898437499999995 0.7226458333333333 0.06889062500000005 0.14862500000000006