0 0.17656249999999996 0.6104166666666667 0.078125 0.16666666666666666
0 0.71796875 0.3020833333333333 0.1296875 0.0875
0 0.06093749999999998 0.584375 0.121875 0.10208333333333333
0 0.7453125 0.7197916666666667 0.096875 0.13125
1 0.359375 0.45625 0.09375 0.10416666666666667
1 0.24609375 0.48854166666666665 0.0578125 0.13541666666666666
1 0.15625 0.27395833333333336 0.09375 0.10625
1 0.52734375 0.10104166666666667 0.0765625 0.12291666666666666
1 0.5890625 0.19583333333333333 0.05625 0.11666666666666667
1 0.95390625 0.4864583333333333 0.0515625 0.13958333333333334
1 0.88671875 0.5260416666666666 0.0859375 0.09375
1 0.9375 0.24791666666666667 0.09375 0.0625
1 0.82734375 0.2604166666666667 0.1046875 0.07083333333333333
1 0.72734375 0.6166666666666667 0.0765625 0.1125
1 0.3890625 0.5947916666666667 0.046875 0.13541666666666666
1 0.33281249999999996 0.6010416666666667 0.05625 0.13541666666666666
1 0.28828125000000004 0.6385416666666667 0.0765625 0.12291666666666666
1 0.9078125 0.6854166666666667 0.096875 0.075
0 0.73984375 0.44166666666666665 0.1265625 0.0875
0 0.78359375 0.4875 0.1265625 0.12916666666666668
1 0.85390625 0.3770833333333333 0.0765625 0.11666666666666667
0 0.4375 0.7364583333333333 0.065625 0.15625
