0 0.8239531250000001 0.6113541666666666 0.07853124999999998 0.165625
0 0.28290625 0.3034166666666666 0.13081250000000005 0.08683333333333335
0 0.93921875 0.5846874999999999 0.12156249999999993 0.1022708333333334
0 0.2555625 0.7207708333333334 0.09800000000000005 0.13237499999999994
1 0.64115625 0.45739583333333333 0.09418749999999995 0.10562499999999998
1 0.754265625 0.48925 0.05792187500000008 0.13481249999999995
1 0.844578125 0.274875 0.09478125000000004 0.10725000000000001
1 0.47335937499999997 0.10172916666666666 0.07734375 0.1234375
1 0.411328125 0.19649999999999998 0.056421875000000024 0.11614583333333334
1 0.04653125 0.48674999999999996 0.05132812499999999 0.13981250000000003
1 0.11370312499999999 0.5267708333333333 0.08570312499999999 0.09312499999999997
1 0.06278125 0.24902083333333333 0.093828125 0.06112499999999998
1 0.173078125 0.261125 0.10446874999999997 0.07139583333333333
1 0.27290625 0.6172083333333334 0.07667187499999999 0.11277083333333332
1 0.61178125 0.5957291666666666 0.04795312500000008 0.134375
1 0.6675625000000001 0.602 0.05610937499999995 0.13652083333333329
1 0.71240625 0.6388750000000001 0.07581249999999998 0.12277083333333323
1 0.092453125 0.6859791666666666 0.09678125 0.07527083333333333
0 0.260875 0.44260416666666663 0.12737499999999996 0.08854166666666667
0 0.21667187499999999 0.48800000000000004 0.12665625 0.1289791666666666
1 0.14651562499999998 0.37843750000000004 0.07614062499999999 0.11685416666666662
0 0.563203125 0.7367916666666667 0.06484375 0.15641666666666676