0 0.12890625 0.6541666666666667 0.0890625 0.14583333333333334
0 0.39453125 0.6114583333333333 0.0765625 0.14791666666666667
0 0.4796875 0.33333333333333337 0.128125 0.08333333333333333
0 0.09921875 0.8302083333333333 0.0796875 0.16875
1 0.41796875 0.6989583333333333 0.0578125 0.12291666666666666
1 0.50859375 0.559375 0.0609375 0.13541666666666666
1 0.48203125 0.45833333333333337 0.0578125 0.1375
1 0.4015625 0.3927083333333333 0.053125 0.13541666666666666
1 0.78359375 0.6 0.1109375 0.075
1 0.82421875 0.6979166666666667 0.0578125 0.14166666666666666
1 0.8796875 0.534375 0.078125 0.13125
1 0.76953125 0.50625 0.0578125 0.12916666666666668
1 0.8140625 0.45833333333333337 0.090625 0.1
0 0.84140625 0.3604166666666667 0.1140625 0.09583333333333334
1 0.053125 0.44062500000000004 0.0875 0.06458333333333334
1 0.12890625 0.3364583333333333 0.0984375 0.07708333333333334
1 0.23046875 0.29270833333333335 0.0890625 0.08541666666666667
1 0.334375 0.2833333333333333 0.071875 0.11666666666666667
1 0.46875 0.971875 0.10625 0.05625
0 0.13359375 0.24583333333333335 0.1234375 0.07916666666666666
