0 0.129640625 0.34675 0.089890625 0.14685416666666667
0 0.394921875 0.38927083333333334 0.07673437500000002 0.14852083333333338
0 0.47992187499999994 0.6678541666666666 0.12826562500000005 0.0848541666666667
0 0.09964062500000001 0.17047916666666665 0.07990625 0.1692916666666667
1 0.419453125 0.30175 0.05767187499999995 0.12350000000000003
1 0.508984375 0.44093750000000004 0.06109375000000004 0.1352083333333334
1 0.482734375 0.5426249999999999 0.05859375 0.1385833333333333
1 0.40226562499999996 0.6076250000000001 0.05204687500000005 0.13527083333333323
1 0.783953125 0.40072916666666664 0.11103124999999991 0.07560416666666671
1 0.825046875 0.30258333333333337 0.05884375000000004 0.1418333333333333
1 0.8805156249999999 0.46675 0.07709374999999988 0.1298125
1 0.770203125 0.49445833333333333 0.05854687500000004 0.12856249999999997
1 0.81459375 0.5428333333333334 0.09020312500000002 0.10147916666666669
0 0.841609375 0.64075 0.1142656249999999 0.09435416666666659
1 0.05340625 0.5603125 0.08757812499999999 0.06354166666666666
1 0.12979687499999998 0.6645 0.09957812499999999 0.07818749999999994
1 0.23103125000000002 0.7078541666666667 0.08956249999999999 0.08487500000000002
1 0.33478125 0.7184791666666667 0.07204687500000002 0.1169583333333333
1 0.46898437499999995 0.029187499999999998 0.10609374999999996 0.0549375
0 0.134015625 0.7551458333333334 0.12364062499999999 0.0802916666666666