0 0.503125 0.7197916666666666 0.1125 0.12291666666666666
0 0.66796875 0.34375 0.0578125 0.17083333333333334
0 0.79453125 0.3447916666666667 0.0921875 0.14791666666666667
0 0.9140625 0.5072916666666667 0.1125 0.12291666666666666
0 0.31875 0.3354166666666667 0.13125 0.07916666666666666
0 0.26328125 0.9239583333333333 0.0890625 0.15208333333333332
0 0.06015625 0.934375 0.1015625 0.13125
1 0.228125 0.6645833333333333 0.109375 0.0625
1 0.0640625 0.671875 0.09375 0.07291666666666667
1 0.1421875 0.775 0.040625 0.12916666666666668
1 0.7015625 0.7989583333333333 0.0625 0.11875
1 0.7484375 0.5510416666666667 0.10625 0.08541666666666667
1 0.53203125 0.44375 0.0796875 0.10416666666666667
1 0.51875 0.32395833333333335 0.071875 0.11041666666666666
1 0.571875 0.3916666666666667 0.0625 0.12083333333333333
1 0.3109375 0.45833333333333337 0.065625 0.125
1 0.246875 0.4072916666666667 0.05625 0.11041666666666666
1 0.16640625 0.4395833333333333 0.1109375 0.0625
1 0.15234375 0.5302083333333334 0.0515625 0.13125
1 0.20078125 0.2989583333333333 0.0984375 0.08541666666666667
1 0.9671875 0.8114583333333334 0.065625 0.11041666666666666
1 0.953125 0.5927083333333334 0.09375 0.05625
1 0.9765625 0.6802083333333333 0.046875 0.12708333333333333
