0 0.49687499999999996 0.7197916666666666 0.1125 0.12291666666666666
0 0.33203125 0.34375 0.0578125 0.17083333333333334
0 0.20546874999999998 0.3447916666666667 0.0921875 0.14791666666666667
0 0.0859375 0.5072916666666667 0.1125 0.12291666666666666
0 0.68125 0.3354166666666667 0.13125 0.07916666666666666
0 0.73671875 0.9239583333333333 0.0890625 0.15208333333333332
0 0.93984375 0.934375 0.1015625 0.13125
1 0.771875 0.6645833333333333 0.109375 0.0625
1 0.9359375 0.671875 0.09375 0.07291666666666667
1 0.8578125 0.775 0.040625 0.12916666666666668
1 0.2984375 0.7989583333333333 0.0625 0.11875
1 0.2515625 0.5510416666666667 0.10625 0.08541666666666667
1 0.46796875000000004 0.44375 0.0796875 0.10416666666666667
1 0.48124999999999996 0.32395833333333335 0.071875 0.11041666666666666
1 0.428125 0.3916666666666667 0.0625 0.12083333333333333
1 0.6890625 0.45833333333333337 0.065625 0.125
1 0.753125 0.4072916666666667 0.05625 0.11041666666666666
1 0.83359375 0.4395833333333333 0.1109375 0.0625
1 0.84765625 0.5302083333333334 0.0515625 0.13125
1 0.79921875 0.2989583333333333 0.0984375 0.08541666666666667
1 0.03281250000000002 0.8114583333333334 0.065625 0.11041666666666666
1 0.046875 0.5927083333333334 0.09375 0.05625
1 0.0234375 0.6802083333333333 0.046875 0.12708333333333333
