0 0.5033593749999999 0.28175 0.11232812499999997 0.12349999999999997
0 0.66834375 0.657 0.05767187499999995 0.1701875000000001
0 0.795203125 0.6557499999999999 0.09353125000000002 0.14768749999999997
0 0.9144062500000001 0.49322916666666666 0.11257812499999993 0.1227291666666666
0 0.319 0.6653541666666667 0.13110937500000003 0.07985416666666675
0 0.26384375000000004 0.07625 0.08854687500000002 0.1525
0 0.0604375 0.06583333333333334 0.101640625 0.13166666666666668
1 0.22853125 0.336125 0.10956250000000001 0.06193750000000004
1 0.06542187499999999 0.32839583333333333 0.09334374999999999 0.07318749999999999
1 0.142453125 0.22589583333333335 0.040718750000000005 0.1282291666666667
1 0.7019375 0.202125 0.06237499999999994 0.1207291666666667
1 0.748796875 0.4501041666666667 0.1063593749999999 0.08687499999999998
1 0.5328906250000001 0.5569791666666667 0.08076562499999991 0.1035416666666667
1 0.519140625 0.6767916666666667 0.07171874999999997 0.10974999999999989
1 0.572734375 0.6092916666666667 0.061406249999999926 0.12193749999999995
1 0.3115 0.5424166666666667 0.06612499999999999 0.1256666666666667
1 0.24743750000000003 0.5932499999999999 0.05674999999999999 0.11066666666666668
1 0.16775 0.5607500000000001 0.11114062500000002 0.06231249999999999
1 0.152609375 0.47072916666666664 0.05145312500000001 0.13231249999999997
1 0.2018125 0.702 0.09801562500000001 0.08350000000000009
1 0.9671875 0.18854166666666666 0.065625 0.11041666666666666
1 0.9532812500000001 0.40822916666666664 0.09343749999999992 0.057270833333333354
1 0.9767187500000001 0.3207083333333333 0.04656249999999993 0.1255833333333333