0 0.209375 0.7114583333333333 0.075 0.15625
0 0.27421875 0.8322916666666667 0.0859375 0.15208333333333332
0 0.50546875 0.6791666666666667 0.0828125 0.14583333333333334
0 0.87265625 0.44999999999999996 0.0765625 0.175
0 0.39296875 0.3833333333333333 0.0671875 0.17083333333333334
0 0.47421875 0.30833333333333335 0.0609375 0.15416666666666667
1 0.20078125 0.4614583333333333 0.1109375 0.08541666666666667
1 0.22109375 0.553125 0.1015625 0.10208333333333333
1 0.1453125 0.5958333333333333 0.046875 0.14583333333333334
1 0.0546875 0.7895833333333333 0.046875 0.11666666666666667
1 0.02578125 0.7354166666666666 0.0515625 0.14166666666666666
1 0.3171875 0.690625 0.05625 0.16041666666666668
1 0.43046875 0.7822916666666666 0.0828125 0.09375
1 0.52578125 0.80625 0.0984375 0.09166666666666666
1 0.5953125 0.9760416666666667 0.109375 0.04791666666666667
1 0.85390625 0.9333333333333333 0.0734375 0.13333333333333333
1 0.9546875 0.44166666666666665 0.065625 0.14583333333333334
1 0.9828125 0.6552083333333334 0.034375 0.14375
1 0.23203125 0.28437500000000004 0.0453125 0.13541666666666666
1 0.2890625 0.27604166666666663 0.046875 0.11875
0 0.334375 0.4541666666666667 0.08125 0.12916666666666668
1 0.4421875 0.41666666666666663 0.040625 0.14166666666666666
0 0.615625 0.3770833333333333 0.0625 0.14166666666666666
1 0.21484375 0.3979166666666667 0.1109375 0.07083333333333333
1 0.5421875 0.3114583333333333 0.065625 0.13125
