0 0.790625 0.28854166666666664 0.075 0.15625
0 0.72578125 0.16770833333333332 0.0859375 0.15208333333333332
0 0.49453125 0.32083333333333336 0.0828125 0.14583333333333334
0 0.12734374999999998 0.55 0.0765625 0.175
0 0.60703125 0.6166666666666667 0.0671875 0.17083333333333334
0 0.52578125 0.6916666666666667 0.0609375 0.15416666666666667
1 0.79921875 0.5385416666666667 0.1109375 0.08541666666666667
1 0.77890625 0.446875 0.1015625 0.10208333333333333
1 0.8546875 0.4041666666666667 0.046875 0.14583333333333334
1 0.9453125 0.21041666666666667 0.046875 0.11666666666666667
1 0.97421875 0.26458333333333334 0.0515625 0.14166666666666666
1 0.6828125 0.309375 0.05625 0.16041666666666668
1 0.56953125 0.21770833333333334 0.0828125 0.09375
1 0.47421875 0.19375 0.0984375 0.09166666666666666
1 0.4046875 0.023958333333333335 0.109375 0.04791666666666667
1 0.14609375000000002 0.06666666666666667 0.0734375 0.13333333333333333
1 0.04531249999999998 0.5583333333333333 0.065625 0.14583333333333334
1 0.017187500000000022 0.34479166666666666 0.034375 0.14375
1 0.76796875 0.715625 0.0453125 0.13541666666666666
1 0.7109375 0.7239583333333334 0.046875 0.11875
0 0.665625 0.5458333333333333 0.08125 0.12916666666666668
1 0.5578125 0.5833333333333334 0.040625 0.14166666666666666
0 0.384375 0.6229166666666667 0.0625 0.14166666666666666
1 0.78515625 0.6020833333333333 0.1109375 0.07083333333333333
1 0.45781249999999996 0.6885416666666667 0.065625 0.13125
