0 0.21025 0.28966666666666663 0.076140625 0.15766666666666668
0 0.2749375 0.1686041666666667 0.08674999999999997 0.15304166666666663
0 0.5057031249999999 0.32175 0.08264062499999998 0.14683333333333337
0 0.8733281249999999 0.5507500000000001 0.07728125000000005 0.17566666666666658
0 0.393359375 0.617625 0.06735937500000003 0.17193749999999994
0 0.474921875 0.6922083333333333 0.06171875 0.15391666666666665
1 0.20134375000000002 0.5392708333333334 0.11145312499999997 0.0847916666666667
1 0.22134375 0.44758333333333333 0.10143750000000003 0.10147916666666662
1 0.145578125 0.40510416666666665 0.046968750000000004 0.146875
1 0.055265625 0.21131250000000001 0.04632812499999999 0.11764583333333337
1 0.025937500000000002 0.26547916666666665 0.051875000000000004 0.14070833333333338
1 0.31759375 0.3100625 0.056062499999999994 0.15987500000000002
1 0.431328125 0.21839583333333332 0.08390625000000003 0.09322916666666667
1 0.526171875 0.19422916666666667 0.09828124999999996 0.09179166666666667
1 0.596171875 0.024166666666666666 0.10828124999999993 0.04833333333333333
1 0.854578125 0.066875 0.07270312499999995 0.13375
1 0.955515625 0.5592708333333333 0.06460937499999986 0.14479166666666668
1 0.9829687500000001 0.3452708333333333 0.034062499999999926 0.14360416666666667
1 0.23275 0.7168125 0.046140625000000046 0.13695833333333335
1 0.289625 0.7243125 0.04737499999999999 0.11862499999999988
0 0.3349375 0.5463541666666667 0.081734375 0.12895833333333329
1 0.443046875 0.5842916666666667 0.04201562499999998 0.14191666666666666
0 0.61646875 0.6238958333333334 0.06356249999999992 0.14272916666666666
1 0.21509375 0.6023958333333332 0.1114375 0.0710208333333334
1 0.542734375 0.6890833333333333 0.06607812499999995 0.13099999999999998