0 0.8703125 0.5322916666666667 0.10625 0.12708333333333333
0 0.66640625 0.5614583333333333 0.0703125 0.16041666666666668
0 0.4125 0.584375 0.0875 0.15625
0 0.47734374999999996 0.14270833333333333 0.0609375 0.16041666666666668
0 0.959375 0.26666666666666666 0.08125 0.12083333333333333
1 0.75625 0.48020833333333335 0.05625 0.13958333333333334
1 0.60703125 0.49166666666666664 0.0578125 0.15
1 0.5078125 0.4583333333333333 0.084375 0.1
1 0.5328125 0.59375 0.0875 0.10833333333333334
1 0.290625 0.5416666666666666 0.109375 0.07916666666666666
1 0.22109374999999998 0.6385416666666667 0.0859375 0.11041666666666666
1 0.12187499999999996 0.5479166666666667 0.1 0.09583333333333334
1 0.16328125000000004 0.19791666666666666 0.1046875 0.13333333333333333
1 0.4625 0.03854166666666667 0.10625 0.06041666666666667
1 0.7734375 0.6166666666666667 0.09375 0.06666666666666667
1 0.81171875 0.6989583333333333 0.0953125 0.07708333333333334
1 0.709375 0.6395833333333333 0.04375 0.15416666666666667
