0 0.129953125 0.5330416666666667 0.10676562500000002 0.12772916666666662
0 0.33415625000000004 0.5617916666666667 0.07079687500000001 0.16024999999999998
0 0.58803125 0.585125 0.08795312499999994 0.1569166666666666
0 0.523359375 0.14337499999999997 0.06015625 0.15991666666666665
0 0.04109375 0.2671458333333333 0.0821875 0.12070833333333333
1 0.244625 0.4813541666666667 0.057375000000000044 0.1410625
1 0.393203125 0.49283333333333335 0.05767187500000004 0.1514791666666667
1 0.493046875 0.4594791666666667 0.08546875000000007 0.1014583333333333
1 0.467890625 0.5942708333333333 0.08828125 0.10810416666666664
1 0.70975 0.5426041666666667 0.1094843749999999 0.078125
1 0.7795937500000001 0.6397083333333333 0.08520312500000005 0.10893749999999992
1 0.878328125 0.5482291666666667 0.10020312499999981 0.09604166666666672
1 0.836921875 0.198375 0.1048906249999999 0.13322916666666665
1 0.538359375 0.03877083333333333 0.10515624999999992 0.060770833333333336
1 0.227296875 0.6170000000000001 0.09292187499999997 0.06685416666666673
1 0.189 0.6997291666666666 0.09614062500000001 0.07779166666666673
1 0.29118750000000004 0.6399375 0.04424999999999999 0.15402083333333322