0 0.56953125 0.6291666666666667 0.1109375 0.09166666666666666
0 0.75390625 0.40520833333333334 0.0890625 0.15208333333333332
0 0.8828125 0.2552083333333333 0.059375 0.15208333333333332
0 0.24843749999999998 0.5041666666666667 0.059375 0.1875
0 0.05312499999999998 0.44895833333333335 0.10625 0.08125
1 0.13124999999999998 0.290625 0.10625 0.08125
1 0.30703125 0.35625 0.1046875 0.08333333333333333
1 0.953125 0.2604166666666667 0.078125 0.10416666666666667
1 0.64375 0.48541666666666666 0.05625 0.125
1 0.54921875 0.5135416666666667 0.0984375 0.07708333333333334
1 0.66484375 0.5760416666666667 0.0921875 0.06041666666666667
1 0.778125 0.6416666666666667 0.05 0.13333333333333333
1 0.85546875 0.5572916666666666 0.0953125 0.07291666666666667
1 0.40312499999999996 0.609375 0.0375 0.14375
1 0.3453125 0.6572916666666667 0.046875 0.13541666666666666
1 0.028906250000000022 0.13958333333333334 0.0578125 0.0875
1 0.95 0.07395833333333333 0.06875 0.13125
1 0.93359375 0.6291666666666667 0.1109375 0.07083333333333333
1 0.72734375 0.7322916666666667 0.0734375 0.11458333333333333
