0 0.43046875 0.37083333333333335 0.1109375 0.09166666666666666
0 0.24609375 0.5947916666666666 0.0890625 0.15208333333333332
0 0.1171875 0.7447916666666667 0.059375 0.15208333333333332
0 0.7515625 0.49583333333333335 0.059375 0.1875
0 0.946875 0.5510416666666667 0.10625 0.08125
1 0.86875 0.709375 0.10625 0.08125
1 0.69296875 0.64375 0.1046875 0.08333333333333333
1 0.046875 0.7395833333333333 0.078125 0.10416666666666667
1 0.35625 0.5145833333333334 0.05625 0.125
1 0.45078125 0.4864583333333333 0.0984375 0.07708333333333334
1 0.33515625 0.4239583333333333 0.0921875 0.06041666666666667
1 0.221875 0.3583333333333333 0.05 0.13333333333333333
1 0.14453125 0.44270833333333337 0.0953125 0.07291666666666667
1 0.596875 0.390625 0.0375 0.14375
1 0.6546875 0.3427083333333333 0.046875 0.13541666666666666
1 0.97109375 0.8604166666666666 0.0578125 0.0875
1 0.05 0.9260416666666667 0.06875 0.13125
1 0.06640625 0.37083333333333335 0.1109375 0.07083333333333333
1 0.27265625 0.2677083333333333 0.0734375 0.11458333333333333
