0 0.431015625 0.6301249999999999 0.11203125000000003 0.0897708333333334
0 0.24634375 0.40572916666666664 0.08893750000000003 0.15229166666666671
0 0.11807812499999999 0.2557083333333333 0.060531250000000016 0.15225000000000002
0 0.7520781249999999 0.5047083333333333 0.05979687499999997 0.1877291666666667
0 0.94703125 0.45008333333333334 0.10593749999999993 0.07981250000000001
1 0.868953125 0.29172916666666665 0.10603124999999984 0.07987499999999997
1 0.69334375 0.35675 0.1047968749999999 0.0835208333333334
1 0.047609374999999995 0.2606875 0.07896874999999999 0.1044583333333333
1 0.357125 0.4859375 0.05735937499999997 0.1252291666666667
1 0.451328125 0.5138541666666666 0.09890624999999993 0.07729166666666666
1 0.33587500000000003 0.5769791666666666 0.09235937500000002 0.06018749999999997
1 0.222125 0.6420208333333334 0.04989062500000001 0.1331874999999999
1 0.145265625 0.5582499999999999 0.09614062500000001 0.07397916666666665
1 0.5977187500000001 0.6099166666666667 0.03857812500000009 0.14402083333333332
1 0.65521875 0.6584791666666666 0.04642187500000006 0.13693750000000005
1 0.9712500000000001 0.14024999999999999 0.057499999999999926 0.08699999999999998
1 0.050578124999999995 0.07502083333333334 0.06803125000000002 0.13327083333333334
1 0.06715625 0.6301249999999999 0.110078125 0.06977083333333335
1 0.27337500000000003 0.7328541666666666 0.07260937499999995 0.11487499999999998