0 0.9671875 0.5947916666666667 0.065625 0.15625
0 0.871875 0.6458333333333334 0.071875 0.16666666666666666
0 0.7390625 0.5072916666666667 0.140625 0.08541666666666667
0 0.79765625 0.38229166666666664 0.1140625 0.10208333333333333
0 0.16718750000000004 0.5885416666666666 0.103125 0.13958333333333334
0 0.51640625 0.640625 0.1234375 0.10208333333333333
1 0.75234375 0.27708333333333335 0.1078125 0.08333333333333333
1 0.60546875 0.06979166666666667 0.1015625 0.08958333333333333
1 0.528125 0.2635416666666667 0.125 0.07291666666666667
1 0.53203125 0.3885416666666667 0.0859375 0.10208333333333333
1 0.4296875 0.44166666666666665 0.1 0.07083333333333333
1 0.2578125 0.25625 0.046875 0.14166666666666666
1 0.19218749999999996 0.37604166666666666 0.0625 0.13541666666666666
1 0.30390625000000004 0.5208333333333334 0.0671875 0.125
1 0.475 0.5416666666666666 0.06875 0.125
1 0.8671875 0.075 0.075 0.1125
1 0.2828125 0.6760416666666667 0.059375 0.11875
1 0.07343750000000004 0.6395833333333333 0.053125 0.15
1 0.6625 0.6041666666666666 0.08125 0.10416666666666667
1 0.54921875 0.540625 0.0984375 0.07708333333333334
1 0.40546875000000004 0.546875 0.0953125 0.09791666666666667
1 0.365625 0.34791666666666665 0.1 0.07916666666666666
1 0.40546875000000004 0.2760416666666667 0.0828125 0.08125
