0 0.0328125 0.4052083333333333 0.065625 0.15625
0 0.128125 0.35416666666666663 0.071875 0.16666666666666666
0 0.2609375 0.4927083333333333 0.140625 0.08541666666666667
0 0.20234375 0.6177083333333333 0.1140625 0.10208333333333333
0 0.8328125 0.41145833333333337 0.103125 0.13958333333333334
0 0.48359375 0.359375 0.1234375 0.10208333333333333
1 0.24765625 0.7229166666666667 0.1078125 0.08333333333333333
1 0.39453125 0.9302083333333333 0.1015625 0.08958333333333333
1 0.471875 0.7364583333333333 0.125 0.07291666666666667
1 0.46796875 0.6114583333333333 0.0859375 0.10208333333333333
1 0.5703125 0.5583333333333333 0.1 0.07083333333333333
1 0.7421875 0.74375 0.046875 0.14166666666666666
1 0.8078125 0.6239583333333334 0.0625 0.13541666666666666
1 0.69609375 0.47916666666666663 0.0671875 0.125
1 0.525 0.45833333333333337 0.06875 0.125
1 0.1328125 0.925 0.075 0.1125
1 0.7171875 0.32395833333333335 0.059375 0.11875
1 0.9265625 0.3604166666666667 0.053125 0.15
1 0.3375 0.39583333333333337 0.08125 0.10416666666666667
1 0.45078125 0.459375 0.0984375 0.07708333333333334
1 0.59453125 0.453125 0.0953125 0.09791666666666667
1 0.634375 0.6520833333333333 0.1 0.07916666666666666
1 0.59453125 0.7239583333333333 0.0828125 0.08125
