0 0.032968750000000005 0.5959375 0.06593750000000001 0.15479166666666663
0 0.129171875 0.6471874999999999 0.07165624999999999 0.16727083333333326
0 0.26134375 0.5078125 0.14143749999999997 0.08481250000000001
0 0.20259375 0.3826041666666667 0.11395312500000002 0.10185416666666663
0 0.833015625 0.588875 0.10290624999999994 0.13941666666666663
0 0.483984375 0.641375 0.12359375000000003 0.1011041666666666
1 0.2480625 0.27799999999999997 0.10800000000000001 0.08431250000000003
1 0.394921875 0.07004166666666665 0.10173437500000002 0.0899375
1 0.47210937499999994 0.2638333333333333 0.12484374999999996 0.07264583333333331
1 0.46867187499999996 0.38925 0.08671875 0.10149999999999994
1 0.571 0.44260416666666663 0.09951562499999991 0.071875
1 0.74271875 0.25714583333333335 0.04643750000000004 0.14072916666666668
1 0.808171875 0.3763333333333333 0.06259374999999992 0.1356875
1 0.69678125 0.5211666666666667 0.06793750000000003 0.12481250000000005
1 0.525859375 0.5424166666666667 0.06982812499999991 0.1256666666666667
1 0.133234375 0.075875 0.075203125 0.11160416666666666
1 0.71740625 0.6763750000000001 0.059171875000000006 0.11891666666666675
1 0.926765625 0.6401458333333333 0.05289062499999986 0.15027083333333333
1 0.33775 0.6051041666666667 0.08137499999999998 0.10310416666666669
1 0.451484375 0.5419791666666666 0.09859375000000004 0.07687499999999996
1 0.594765625 0.5473958333333333 0.09548437500000002 0.09770833333333329
1 0.63521875 0.3482083333333333 0.10106249999999992 0.0794375
1 0.5956875 0.2769583333333333 0.08264062499999998 0.08306250000000001