1 0.5078125 0.153125 0.071875 0.15208333333333332
1 0.6078125 0.35 0.1 0.0875
1 0.840625 0.37916666666666665 0.078125 0.125
1 0.51171875 0.6072916666666667 0.0984375 0.12291666666666666
1 0.29765624999999996 0.6510416666666666 0.1078125 0.08125
1 0.15546875000000004 0.6520833333333333 0.0921875 0.09166666666666666
1 0.39921874999999996 0.775 0.1140625 0.10833333333333334
1 0.56796875 0.68125 0.0671875 0.1125
1 0.61015625 0.6020833333333333 0.0953125 0.125
1 0.75390625 0.54375 0.0609375 0.17083333333333334
1 0.80859375 0.6145833333333334 0.0890625 0.125
1 0.9171875 0.6458333333333334 0.096875 0.10416666666666667
1 0.71328125 0.7125 0.0765625 0.1125
1 0.46953124999999996 0.7427083333333333 0.0609375 0.12708333333333333
1 0.65390625 0.6697916666666667 0.0765625 0.13125
1 0.80546875 0.8333333333333334 0.1328125 0.06666666666666667
1 0.5453125 0.7916666666666666 0.10625 0.1
1 0.24765625000000002 0.7697916666666667 0.1046875 0.06458333333333334
1 0.05312499999999998 0.78125 0.10625 0.06666666666666667
0 0.83359375 0.7354166666666667 0.1015625 0.12916666666666668
1 0.19765624999999998 0.7364583333333333 0.0609375 0.11041666666666666
1 0.12968749999999996 0.70625 0.08125 0.1
