0 0.86640625 0.775 0.0578125 0.16666666666666666
1 0.31796875 0.9010416666666666 0.0734375 0.14791666666666667
1 0.21718749999999998 0.9041666666666667 0.0875 0.1125
1 0.94453125 0.6635416666666667 0.0921875 0.10208333333333333
1 0.85 0.625 0.06875 0.12916666666666668
1 0.79453125 0.6541666666666667 0.0640625 0.13333333333333333
1 0.86328125 0.46354166666666663 0.0703125 0.13958333333333334
1 0.9265625 0.3354166666666667 0.059375 0.14166666666666666
1 0.7140625 0.3041666666666667 0.06875 0.12083333333333333
1 0.67265625 0.3989583333333333 0.0515625 0.13958333333333334
1 0.6125 0.2885416666666667 0.06875 0.13125
1 0.60703125 0.4458333333333333 0.0609375 0.125
1 0.55859375 0.45625000000000004 0.0609375 0.14583333333333334
1 0.53203125 0.5479166666666666 0.0609375 0.125
1 0.09140625000000002 0.47187500000000004 0.0734375 0.13541666666666666
1 0.12265625000000002 0.3458333333333333 0.1109375 0.09583333333333334
1 0.15468749999999998 0.26249999999999996 0.0875 0.1125
1 0.061718750000000044 0.22499999999999998 0.0828125 0.07916666666666666
1 0.3515625 0.3885416666666667 0.096875 0.07708333333333334
1 0.42734375 0.3572916666666667 0.0609375 0.13541666666666666
1 0.5046875 0.3354166666666667 0.096875 0.07083333333333333
1 0.51640625 0.2416666666666667 0.0515625 0.125
1 0.88828125 0.22187500000000004 0.1078125 0.07291666666666667
