0 0.13359375 0.775 0.0578125 0.16666666666666666
1 0.68203125 0.9010416666666666 0.0734375 0.14791666666666667
1 0.7828125 0.9041666666666667 0.0875 0.1125
1 0.05546875 0.6635416666666667 0.0921875 0.10208333333333333
1 0.15 0.625 0.06875 0.12916666666666668
1 0.20546875 0.6541666666666667 0.0640625 0.13333333333333333
1 0.13671875 0.46354166666666663 0.0703125 0.13958333333333334
1 0.0734375 0.3354166666666667 0.059375 0.14166666666666666
1 0.2859375 0.3041666666666667 0.06875 0.12083333333333333
1 0.32734375 0.3989583333333333 0.0515625 0.13958333333333334
1 0.3875 0.2885416666666667 0.06875 0.13125
1 0.39296875 0.4458333333333333 0.0609375 0.125
1 0.44140625 0.45625000000000004 0.0609375 0.14583333333333334
1 0.46796875 0.5479166666666666 0.0609375 0.125
1 0.90859375 0.47187500000000004 0.0734375 0.13541666666666666
1 0.87734375 0.3458333333333333 0.1109375 0.09583333333333334
1 0.8453125 0.26249999999999996 0.0875 0.1125
1 0.93828125 0.22499999999999998 0.0828125 0.07916666666666666
1 0.6484375 0.3885416666666667 0.096875 0.07708333333333334
1 0.57265625 0.3572916666666667 0.0609375 0.13541666666666666
1 0.4953125 0.3354166666666667 0.096875 0.07083333333333333
1 0.48359375 0.2416666666666667 0.0515625 0.125
1 0.11171875 0.22187500000000004 0.1078125 0.07291666666666667
