1 0.49264062500000005 0.15408333333333332 0.071875 0.15314583333333337
1 0.392859375 0.3510625 0.10026562499999998 0.08618750000000001
1 0.159859375 0.3799166666666667 0.07740624999999998 0.12602083333333336
1 0.48884375 0.608625 0.09821875000000002 0.12202083333333344
1 0.702828125 0.6525208333333333 0.1077187499999999 0.0814791666666667
1 0.8457343749999999 0.6534166666666666 0.09281250000000005 0.09077083333333344
1 0.6015625 0.7760416666666666 0.11384375000000002 0.10862499999999997
1 0.43303125 0.6822916666666666 0.06696875000000002 0.11160416666666677
1 0.390625 0.6026875 0.09598437499999997 0.125
1 0.24720312500000002 0.5446458333333334 0.06139062500000003 0.1696458333333333
1 0.19203125000000001 0.6158125 0.090046875 0.12374999999999996
1 0.083328125 0.646875 0.09620312499999999 0.10291666666666661
1 0.287390625 0.7135416666666666 0.07701562500000003 0.11458333333333333
1 0.53125 0.7433125 0.06026562500000008 0.12647916666666675
1 0.346546875 0.671125 0.07701562500000003 0.13095833333333337
1 0.19537500000000002 0.8341458333333333 0.13182812500000002 0.06708333333333343
1 0.455359375 0.7924166666666667 0.10490624999999998 0.09970833333333336
1 0.7531875 0.771125 0.10603125000000002 0.06606250000000008
1 0.947390625 0.7819375 0.10521874999999987 0.06577083333333343
0 0.16685937500000003 0.7358541666666666 0.10156250000000003 0.12945833333333331
1 0.8027031250000001 0.7368125 0.06103124999999991 0.11029166666666654
1 0.8709843749999999 0.7068125 0.08053124999999994 0.10029166666666664