0 0.112453125 0.08608333333333332 0.09928124999999999 0.13802083333333334
0 0.277125 0.0875625 0.08487499999999999 0.16177083333333334
0 0.22025 0.23466666666666663 0.05864062500000002 0.16431249999999997
0 0.21275 0.62825 0.11862500000000002 0.10268749999999992
0 0.910203125 0.4827916666666667 0.07601562500000014 0.16856249999999992
1 0.7519218750000001 0.33508333333333334 0.09260937499999997 0.11350000000000003
1 0.5739687499999999 0.14464583333333333 0.06607812499999995 0.15095833333333328
1 0.40210937500000005 0.07170833333333333 0.09735937499999996 0.10327083333333333
1 0.49242187499999995 0.3469583333333333 0.07171874999999997 0.1264375
1 0.456171875 0.49883333333333335 0.05326562500000005 0.1406458333333333
1 0.35759375000000004 0.5842708333333333 0.05106250000000001 0.128125
1 0.63709375 0.4405208333333333 0.07731250000000003 0.10270833333333336
1 0.61771875 0.5213541666666667 0.04642187500000006 0.1289791666666666
1 0.54975 0.47552083333333334 0.08951562499999995 0.08731249999999993
1 0.779890625 0.5534583333333334 0.10915624999999993 0.07689583333333326
1 0.840828125 0.6509583333333333 0.10478124999999991 0.06527083333333342
0 0.934109375 0.7442916666666667 0.12928125000000001 0.1080625
1 0.106671875 0.22339583333333338 0.07834375000000002 0.11681250000000001
1 0.057140625 0.6042916666666667 0.06990624999999999 0.12858333333333338
1 0.962375 0.5940624999999999 0.061640625000000074 0.13770833333333338
1 0.620703125 0.7384791666666667 0.07485937499999995 0.16364583333333324