0 0.11171875 0.9145833333333333 0.0984375 0.1375
0 0.2765625 0.9135416666666667 0.084375 0.16041666666666668
0 0.21953125 0.765625 0.0578125 0.16458333333333333
0 0.2125 0.3729166666666667 0.11875 0.10416666666666667
0 0.909375 0.5177083333333333 0.075 0.16875
1 0.75078125 0.665625 0.0921875 0.11458333333333333
1 0.5734375 0.85625 0.065625 0.15
1 0.4015625 0.9291666666666667 0.096875 0.10416666666666667
1 0.4921875 0.6541666666666667 0.071875 0.125
1 0.4546875 0.5020833333333333 0.053125 0.14166666666666666
1 0.35703125 0.41666666666666663 0.0515625 0.12916666666666668
1 0.63671875 0.5604166666666667 0.0765625 0.10416666666666667
1 0.6171875 0.47916666666666663 0.046875 0.12916666666666668
1 0.54921875 0.525 0.0890625 0.0875
1 0.7796875 0.446875 0.109375 0.07708333333333334
1 0.83984375 0.35 0.1046875 0.06666666666666667
0 0.93359375 0.25625 0.1296875 0.10833333333333334
1 0.10625 0.7770833333333333 0.078125 0.11666666666666667
1 0.05625 0.396875 0.06875 0.12708333333333333
1 0.96171875 0.40625 0.0609375 0.1375
1 0.6203125 0.26249999999999996 0.075 0.1625
