0 0.88828125 0.9145833333333333 0.0984375 0.1375
0 0.7234375 0.9135416666666667 0.084375 0.16041666666666668
0 0.78046875 0.765625 0.0578125 0.16458333333333333
0 0.7875 0.3729166666666667 0.11875 0.10416666666666667
0 0.09062499999999996 0.5177083333333333 0.075 0.16875
1 0.24921875000000004 0.665625 0.0921875 0.11458333333333333
1 0.42656249999999996 0.85625 0.065625 0.15
1 0.5984375 0.9291666666666667 0.096875 0.10416666666666667
1 0.5078125 0.6541666666666667 0.071875 0.125
1 0.5453125 0.5020833333333333 0.053125 0.14166666666666666
1 0.64296875 0.41666666666666663 0.0515625 0.12916666666666668
1 0.36328125 0.5604166666666667 0.0765625 0.10416666666666667
1 0.3828125 0.47916666666666663 0.046875 0.12916666666666668
1 0.45078125 0.525 0.0890625 0.0875
1 0.22031250000000002 0.446875 0.109375 0.07708333333333334
1 0.16015625 0.35 0.1046875 0.06666666666666667
0 0.06640625 0.25625 0.1296875 0.10833333333333334
1 0.89375 0.7770833333333333 0.078125 0.11666666666666667
1 0.94375 0.396875 0.06875 0.12708333333333333
1 0.038281250000000044 0.40625 0.0609375 0.1375
1 0.37968749999999996 0.26249999999999996 0.075 0.1625
