0 0.10401562499999999 0.06710416666666667 0.111328125 0.12077083333333333
0 0.67084375 0.5100833333333333 0.06517187500000006 0.15981249999999997
0 0.2980625 0.5459375000000001 0.09198437500000001 0.13812499999999997
0 0.7005312499999999 0.7195 0.12542187499999996 0.09514583333333325
1 0.446171875 0.37675000000000003 0.06671875000000008 0.12652083333333336
1 0.391953125 0.48322916666666665 0.105171875 0.090625
1 0.504921875 0.49135416666666665 0.10328125000000003 0.06104166666666669
1 0.5357031250000001 0.5755208333333334 0.10734375000000007 0.07060416666666663
1 0.42289062499999996 0.6384583333333332 0.08578124999999996 0.08643750000000001
0 0.3443125 0.7009791666666667 0.100484375 0.10529166666666659
1 0.24009375 0.2938125 0.06393750000000002 0.13404166666666664
1 0.330875 0.03814583333333333 0.120125 0.06618750000000001
1 0.877390625 0.4796875 0.06665625000000013 0.1377291666666667
1 0.9498906249999999 0.4625833333333333 0.07584374999999995 0.12147916666666667
1 0.930203125 0.5932291666666667 0.058968750000000014 0.13937499999999994
1 0.8436406249999999 0.6576458333333334 0.06165625000000006 0.13527083333333323
1 0.05682812499999999 0.5703125 0.06303125000000001 0.12687499999999996
1 0.03609375 0.4740625 0.0721875 0.12231250000000002
1 0.514453125 0.7022291666666667 0.049843749999999964 0.11612500000000002