0 0.896875 0.9333333333333333 0.1125 0.12083333333333333
0 0.3296875 0.490625 0.065625 0.16041666666666668
0 0.70234375 0.4552083333333333 0.0921875 0.13958333333333334
0 0.30000000000000004 0.28125 0.125 0.09583333333333334
1 0.5546875 0.6239583333333334 0.065625 0.12708333333333333
1 0.60859375 0.5177083333333333 0.1046875 0.08958333333333333
1 0.49531250000000004 0.509375 0.103125 0.06041666666666667
1 0.46484375 0.42500000000000004 0.1078125 0.07083333333333333
1 0.57734375 0.36250000000000004 0.0859375 0.0875
0 0.65625 0.30000000000000004 0.1 0.10416666666666667
1 0.76015625 0.7072916666666667 0.0640625 0.13541666666666666
1 0.66953125 0.9625 0.1203125 0.06666666666666667
1 0.12343749999999998 0.5208333333333333 0.065625 0.1375
1 0.05078125 0.5385416666666667 0.0765625 0.12291666666666666
1 0.0703125 0.4072916666666667 0.059375 0.13958333333333334
1 0.15703124999999996 0.3427083333333333 0.0609375 0.13541666666666666
1 0.94375 0.4302083333333333 0.0625 0.12708333333333333
1 0.9640625 0.5270833333333333 0.071875 0.12083333333333333
1 0.4859375 0.2989583333333333 0.05 0.11458333333333333
