0 0.896875 0.06666666666666667 0.1125 0.12083333333333333
0 0.3296875 0.509375 0.065625 0.16041666666666668
0 0.70234375 0.5447916666666667 0.0921875 0.13958333333333334
0 0.30000000000000004 0.71875 0.125 0.09583333333333334
1 0.5546875 0.37604166666666666 0.065625 0.12708333333333333
1 0.60859375 0.4822916666666667 0.1046875 0.08958333333333333
1 0.49531250000000004 0.490625 0.103125 0.06041666666666667
1 0.46484375 0.575 0.1078125 0.07083333333333333
1 0.57734375 0.6375 0.0859375 0.0875
0 0.65625 0.7 0.1 0.10416666666666667
1 0.76015625 0.29270833333333335 0.0640625 0.13541666666666666
1 0.66953125 0.0375 0.1203125 0.06666666666666667
1 0.12343749999999998 0.4791666666666667 0.065625 0.1375
1 0.05078125 0.46145833333333336 0.0765625 0.12291666666666666
1 0.0703125 0.5927083333333333 0.059375 0.13958333333333334
1 0.15703124999999996 0.6572916666666667 0.0609375 0.13541666666666666
1 0.94375 0.5697916666666667 0.0625 0.12708333333333333
1 0.9640625 0.47291666666666665 0.071875 0.12083333333333333
1 0.4859375 0.7010416666666667 0.05 0.11458333333333333
