0 0.132765625 0.10714583333333333 0.108640625 0.14260416666666667
0 0.8108281249999999 0.5915625 0.13978125000000005 0.08268749999999987
0 0.3268125 0.48966666666666664 0.059499999999999977 0.15897916666666667
1 0.549921875 0.21966666666666665 0.049203125000000014 0.1509791666666667
1 0.64209375 0.14172916666666666 0.12731250000000002 0.10345833333333333
1 0.65428125 0.30047916666666663 0.07954687499999995 0.087375
1 0.608203125 0.3965416666666667 0.04985937499999995 0.13274999999999995
1 0.41085937499999997 0.48031250000000003 0.03985937499999999 0.12647916666666667
1 0.46804687500000003 0.5201041666666667 0.07701562499999995 0.09356250000000005
1 0.2955625 0.6051249999999999 0.053000000000000026 0.14693749999999994
1 0.96175 0.5649166666666667 0.047890625000000145 0.15399999999999997
1 0.193078125 0.6624166666666667 0.05196874999999999 0.1343541666666667
1 0.129640625 0.5365833333333333 0.07740624999999998 0.13066666666666674
1 0.224015625 0.5784374999999999 0.07135937500000003 0.12312500000000005
1 0.3474375 0.15420833333333334 0.09423437500000001 0.07158333333333332
1 0.16040625 0.3675833333333333 0.22331250000000002 0.07816666666666663
1 0.387734375 0.5872083333333333 0.05110937499999997 0.14941666666666673
1 0.5911562499999999 0.60325 0.10668749999999996 0.08066666666666672
1 0.066359375 0.5771875000000001 0.05396874999999999 0.1339583333333333