0 0.86796875 0.10625 0.1078125 0.14166666666666666
0 0.18984374999999998 0.590625 0.1390625 0.08125
0 0.6734375 0.48854166666666665 0.059375 0.16041666666666668
1 0.45078125 0.21875 0.0484375 0.15
1 0.35859375000000004 0.140625 0.1265625 0.10208333333333333
1 0.34609375 0.3 0.0796875 0.0875
1 0.3921875 0.3958333333333333 0.05 0.13333333333333333
1 0.58984375 0.4791666666666667 0.0390625 0.125
1 0.5328125 0.5197916666666667 0.078125 0.09375
1 0.7046875 0.6041666666666666 0.053125 0.14583333333333334
1 0.0390625 0.5645833333333333 0.046875 0.15416666666666667
1 0.8078125 0.6614583333333334 0.053125 0.13541666666666666
1 0.87109375 0.5354166666666667 0.0765625 0.12916666666666668
1 0.7765625 0.578125 0.071875 0.12291666666666666
1 0.653125 0.153125 0.09375 0.07291666666666667
1 0.83984375 0.36666666666666664 0.2234375 0.07916666666666666
1 0.61328125 0.5854166666666667 0.0515625 0.15
1 0.40937500000000004 0.6020833333333333 0.10625 0.07916666666666666
1 0.934375 0.5760416666666667 0.053125 0.13541666666666666
