0 0.053859375 0.2634166666666667 0.06646875 0.16350000000000003
0 0.64521875 0.5255416666666667 0.07106250000000003 0.16275
0 0.16524999999999998 0.36966666666666664 0.12364062499999998 0.10102083333333335
0 0.1568125 0.4744791666666667 0.12551562500000002 0.08145833333333338
0 0.8727031249999999 0.6724374999999999 0.12601562500000013 0.08568749999999999
0 0.978125 0.40447916666666667 0.04375 0.17479166666666673
1 0.38460937500000003 0.44258333333333333 0.09985937500000004 0.07814583333333332
1 0.371484375 0.5361666666666667 0.11110937500000002 0.08814583333333328
1 0.538359375 0.6611666666666667 0.10732812499999991 0.07152083333333342
1 0.73240625 0.5459583333333333 0.051671875000000075 0.14525000000000005
1 0.772546875 0.4065625 0.10385937499999995 0.07060416666666663
1 0.9215937500000001 0.5098958333333333 0.095703125 0.11064583333333336
1 0.871140625 0.5853333333333333 0.11664062500000014 0.06983333333333329
1 0.64490625 0.6909583333333333 0.10168750000000007 0.06475000000000009
1 0.43023437500000006 0.22547916666666667 0.09109374999999997 0.10406250000000003
1 0.3024375 0.2450833333333333 0.07925000000000004 0.11014583333333332
1 0.051515624999999995 0.6267708333333334 0.07115624999999999 0.12643750000000012
1 0.5330468749999999 0.5432291666666667 0.09045312499999998 0.08937499999999995
1 0.7450625 0.6509583333333333 0.10112500000000005 0.08860416666666661
1 0.189625 0.5765625 0.10989062500000002 0.08937499999999995
1 0.177921875 0.21525 0.07082812499999998 0.1203125