0 0.053125 0.7375 0.065625 0.1625
0 0.64453125 0.475 0.0703125 0.1625
0 0.16484375 0.63125 0.1234375 0.1
0 0.15625 0.5260416666666667 0.125 0.08125
0 0.871875 0.328125 0.125 0.08541666666666667
0 0.978125 0.5958333333333333 0.04375 0.175
1 0.384375 0.5583333333333333 0.1 0.07916666666666666
1 0.37109375 0.46458333333333335 0.1109375 0.0875
1 0.5375 0.33958333333333335 0.10625 0.07083333333333333
1 0.73203125 0.4552083333333333 0.0515625 0.14375
1 0.771875 0.59375 0.103125 0.07083333333333333
1 0.92109375 0.490625 0.0953125 0.11041666666666666
1 0.8703125 0.415625 0.115625 0.06875
1 0.64453125 0.30937499999999996 0.1015625 0.06458333333333334
1 0.4296875 0.775 0.090625 0.10416666666666667
1 0.3015625 0.7552083333333334 0.078125 0.11041666666666666
1 0.05078125 0.3739583333333333 0.0703125 0.12708333333333333
1 0.5328125 0.45729166666666665 0.090625 0.08958333333333333
1 0.74453125 0.35 0.1015625 0.0875
1 0.1890625 0.4239583333333333 0.109375 0.08958333333333333
1 0.17734375 0.7854166666666667 0.0703125 0.12083333333333333
