0 0.57521875 0.35552083333333334 0.08107812499999997 0.1560208333333333
0 0.865359375 0.338625 0.058218749999999986 0.1764375
0 0.6330312499999999 0.6338541666666667 0.05293749999999999 0.17060416666666664
0 0.58053125 0.22547916666666667 0.1104531249999999 0.10406250000000003
0 0.26634375 0.4846875 0.07893749999999997 0.16439583333333338
0 0.8661406250000001 0.7563958333333333 0.131640625 0.07445833333333335
0 0.11089062499999999 0.34675 0.139890625 0.09683333333333337
1 0.1968125 0.5322083333333334 0.068015625 0.12606250000000005
1 0.33665625 0.4905208333333333 0.050796874999999984 0.14272916666666666
1 0.40196875 0.47633333333333333 0.04982812499999998 0.13564583333333335
1 0.35571875 0.3546666666666667 0.04517187500000004 0.13768750000000007
1 0.24040625000000002 0.33047916666666666 0.07081249999999999 0.12735416666666666
1 0.26228125 0.1210833333333333 0.08956249999999999 0.09199999999999998
1 0.6688125 0.3415416666666667 0.07137499999999992 0.12393750000000002
1 0.7188125000000001 0.621375 0.058859374999999936 0.15443749999999998
1 0.7991093749999999 0.6111458333333334 0.08821874999999997 0.11185416666666678
1 0.868328125 0.05854166666666667 0.0827031250000001 0.11708333333333334
1 0.089015625 0.21422916666666666 0.10382812499999998 0.07845833333333332
1 0.179640625 0.2359166666666667 0.06009374999999999 0.12514583333333335
1 0.415859375 0.6347083333333334 0.07484374999999996 0.13110416666666655
1 0.09276562499999999 0.6955625 0.06615625 0.13612500000000008
1 0.147140625 0.6488958333333333 0.050093750000000006 0.14277083333333326
1 0.48820312499999996 0.6211666666666668 0.07265625 0.1081874999999999
1 0.040781250000000005 0.5217708333333333 0.08156250000000001 0.06356249999999998