0 0.575 0.6447916666666667 0.08125 0.15625
0 0.86484375 0.6625 0.0578125 0.175
0 0.6328125 0.3666666666666667 0.053125 0.17083333333333334
0 0.5796875 0.775 0.109375 0.10416666666666667
0 0.265625 0.515625 0.078125 0.16458333333333333
0 0.865625 0.24479166666666663 0.13125 0.07291666666666667
0 0.11015625 0.6541666666666667 0.1390625 0.09583333333333334
1 0.19609375 0.46875 0.0671875 0.125
1 0.3359375 0.5104166666666667 0.05 0.14166666666666666
1 0.4015625 0.5239583333333333 0.05 0.13541666666666666
1 0.35546875 0.6458333333333333 0.0453125 0.1375
1 0.23984375 0.6697916666666667 0.0703125 0.12708333333333333
1 0.26171875 0.8791666666666667 0.0890625 0.09166666666666666
1 0.66796875 0.659375 0.0703125 0.12291666666666666
1 0.71796875 0.37916666666666665 0.0578125 0.15416666666666667
1 0.7984375 0.3895833333333333 0.0875 0.1125
1 0.86796875 0.9416666666666667 0.0828125 0.11666666666666667
1 0.08828125 0.7864583333333334 0.1046875 0.07708333333333334
1 0.17890625 0.7645833333333334 0.0609375 0.125
1 0.415625 0.365625 0.075 0.13125
1 0.0921875 0.3052083333333333 0.065625 0.13541666666666666
1 0.146875 0.3520833333333333 0.05 0.14166666666666666
1 0.4875 0.37916666666666665 0.071875 0.10833333333333334
1 0.040625 0.47916666666666663 0.08125 0.0625
