0 0.46460937500000005 0.64075 0.10984374999999993 0.10568750000000003
0 0.5844375 0.6997083333333334 0.12762499999999993 0.10558333333333322
0 0.24962499999999999 0.4984375 0.10487500000000001 0.10022916666666669
0 0.454296875 0.5622083333333333 0.10796875000000003 0.10275000000000005
1 0.10245312499999999 0.2617291666666667 0.06678125000000001 0.12320833333333331
1 0.2211875 0.098375 0.10425000000000002 0.06677083333333332
1 0.404921875 0.26029166666666664 0.10921874999999996 0.06972916666666669
1 0.462890625 0.3671666666666667 0.08420312499999998 0.12068750000000002
1 0.528046875 0.19902083333333334 0.10545312500000001 0.07781249999999999
1 0.96815625 0.17839583333333334 0.057578124999999855 0.1267916666666667
1 0.921296875 0.48093749999999996 0.07365625000000016 0.14856250000000001
1 0.8748906249999999 0.6528541666666666 0.049156250000000054 0.15485416666666676
1 0.9250468749999999 0.6549166666666667 0.05365624999999987 0.13268750000000012
1 0.5658593749999999 0.5273958333333333 0.06265625000000004 0.13772916666666662
1 0.31775000000000003 0.6138750000000001 0.04637500000000001 0.1394374999999999
1 0.23946874999999998 0.6363749999999999 0.0751875 0.11777083333333328
1 0.081203125 0.6528541666666666 0.09928124999999999 0.10485416666666675
1 0.371484375 0.5201041666666666 0.07360937500000002 0.10645833333333332
1 0.758953125 0.7238958333333334 0.04854687500000008 0.1427916666666666
1 0.28900000000000003 0.35612499999999997 0.12112499999999997 0.12810416666666669