0 0.5359375 0.6395833333333333 0.109375 0.10416666666666667
0 0.41640625 0.6989583333333333 0.1265625 0.10625
0 0.75078125 0.4979166666666667 0.1046875 0.1
0 0.54609375 0.5614583333333333 0.1078125 0.10208333333333333
1 0.8984375 0.26145833333333335 0.065625 0.12291666666666666
1 0.7796875 0.09791666666666667 0.103125 0.06666666666666667
1 0.5953125 0.259375 0.109375 0.06875
1 0.5375 0.36666666666666664 0.084375 0.12083333333333333
1 0.47265625 0.19791666666666666 0.1046875 0.07916666666666666
1 0.032031249999999956 0.178125 0.0578125 0.12708333333333333
1 0.07890624999999996 0.48020833333333335 0.0734375 0.14791666666666667
1 0.12578124999999996 0.6520833333333333 0.0484375 0.15416666666666667
1 0.07578125000000002 0.6541666666666667 0.0546875 0.13333333333333333
1 0.43437499999999996 0.5270833333333333 0.0625 0.1375
1 0.6828125 0.6135416666666667 0.046875 0.13958333333333334
1 0.7609375 0.6354166666666666 0.075 0.11666666666666667
1 0.91953125 0.6520833333333333 0.0984375 0.10416666666666667
1 0.62890625 0.5197916666666667 0.0734375 0.10625
1 0.24140625000000004 0.7229166666666667 0.0484375 0.14166666666666666
1 0.71171875 0.35520833333333335 0.1203125 0.12708333333333333
