0 0.4640625 0.3604166666666667 0.109375 0.10416666666666667
0 0.58359375 0.30104166666666665 0.1265625 0.10625
0 0.24921875 0.5020833333333333 0.1046875 0.1
0 0.45390625 0.4385416666666667 0.1078125 0.10208333333333333
1 0.1015625 0.7385416666666667 0.065625 0.12291666666666666
1 0.2203125 0.9020833333333333 0.103125 0.06666666666666667
1 0.4046875 0.740625 0.109375 0.06875
1 0.4625 0.6333333333333333 0.084375 0.12083333333333333
1 0.52734375 0.8020833333333334 0.1046875 0.07916666666666666
1 0.96796875 0.821875 0.0578125 0.12708333333333333
1 0.92109375 0.5197916666666667 0.0734375 0.14791666666666667
1 0.87421875 0.34791666666666665 0.0484375 0.15416666666666667
1 0.92421875 0.3458333333333333 0.0546875 0.13333333333333333
1 0.565625 0.47291666666666665 0.0625 0.1375
1 0.3171875 0.38645833333333335 0.046875 0.13958333333333334
1 0.2390625 0.36458333333333337 0.075 0.11666666666666667
1 0.08046875 0.34791666666666665 0.0984375 0.10416666666666667
1 0.37109375 0.48020833333333335 0.0734375 0.10625
1 0.75859375 0.27708333333333335 0.0484375 0.14166666666666666
1 0.28828125 0.6447916666666667 0.1203125 0.12708333333333333
