0 0.078546875 0.16922916666666668 0.10959375 0.14179166666666668
0 0.470546875 0.5567708333333333 0.05296874999999997 0.1664583333333333
0 0.65490625 0.641375 0.12168749999999999 0.09443750000000009
1 0.526171875 0.381125 0.08920312500000005 0.09477083333333335
1 0.04276562500000001 0.33675 0.07865625000000001 0.12685416666666663
1 0.904890625 0.38677083333333334 0.09664062499999986 0.11018749999999997
1 0.8537968749999999 0.5040625 0.10384375000000005 0.08231249999999998
1 0.9376562500000001 0.5903125 0.12468749999999992 0.07018750000000011
1 0.66490625 0.46322916666666664 0.05418749999999992 0.13395833333333335
1 0.64271875 0.5513750000000001 0.09106249999999996 0.0977291666666666
1 0.759109375 0.6526458333333333 0.05823437499999997 0.15860416666666666
1 0.869265625 0.6626458333333333 0.10040624999999999 0.09527083333333337
1 0.24525000000000002 0.6840833333333334 0.08362499999999998 0.10766666666666656
1 0.30759375 0.41177083333333336 0.07393749999999999 0.0935208333333333
1 0.354 0.5057291666666667 0.04887499999999996 0.13106249999999994
1 0.42523437499999994 0.6503333333333334 0.06859374999999997 0.11685416666666673