0 0.921875 0.83125 0.109375 0.14166666666666666
0 0.5296875 0.44375 0.053125 0.16666666666666666
0 0.3453125 0.359375 0.121875 0.09375
1 0.47421875 0.6197916666666667 0.0890625 0.09375
1 0.9578125 0.6635416666666667 0.078125 0.12708333333333333
1 0.09531250000000002 0.6135416666666667 0.096875 0.11041666666666666
1 0.14687499999999998 0.49687499999999996 0.103125 0.08125
1 0.0625 0.41041666666666665 0.125 0.07083333333333333
1 0.3359375 0.5375 0.053125 0.13333333333333333
1 0.3578125 0.44895833333333335 0.090625 0.09791666666666667
1 0.24140625000000004 0.34791666666666665 0.0578125 0.15833333333333333
1 0.13124999999999998 0.33854166666666663 0.1 0.09375
1 0.75546875 0.31666666666666665 0.0828125 0.10833333333333334
1 0.69296875 0.5885416666666667 0.0734375 0.09375
1 0.646875 0.49479166666666663 0.05 0.13125
1 0.575 0.35 0.06875 0.11666666666666667
