0 0.436640625 0.3346458333333333 0.07578125 0.15237499999999998
0 0.53975 0.6330416666666667 0.11951562500000001 0.07777083333333341
0 0.44556250000000003 0.5076041666666666 0.10951562500000005 0.11481249999999997
1 0.5777187500000001 0.5384375 0.10607812499999998 0.06312499999999996
1 0.60834375 0.44260416666666663 0.04732812499999994 0.13854166666666667
1 0.6885 0.39675 0.07050000000000001 0.11983333333333329
1 0.7035 0.2596458333333333 0.08448437500000008 0.10237499999999997
1 0.8217656249999999 0.14066666666666666 0.08040625000000005 0.11116666666666665
1 0.906453125 0.4717708333333333 0.11851562499999986 0.06981249999999999
1 0.9264374999999999 0.5588541666666667 0.10851562500000007 0.08729166666666661
0 0.9321875000000001 0.6547083333333333 0.13562499999999994 0.09558333333333333
0 0.76428125 0.6926249999999999 0.1220625000000001 0.14475000000000005
0 0.185734375 0.6867916666666667 0.10728124999999997 0.1397500000000001
0 0.08885937499999999 0.6822083333333333 0.06351562499999999 0.17393750000000002
1 0.101828125 0.25381249999999994 0.06553125 0.13072916666666665
1 0.088546875 0.14339583333333333 0.06709375 0.10679166666666665
1 0.164796875 0.060625000000000005 0.08040624999999998 0.12125000000000001
1 0.6250625000000001 0.6201041666666666 0.05360937500000009 0.12310416666666674
1 0.4180625 0.6121875 0.07701562499999999 0.11393750000000011
1 0.123390625 0.4946875 0.08509375000000001 0.09897916666666665
1 0.052140624999999996 0.4109375 0.07240625 0.09185416666666674