0 0.4359375 0.665625 0.075 0.15208333333333332
0 0.5390625 0.3677083333333333 0.11875 0.07708333333333334
0 0.4453125 0.4927083333333333 0.109375 0.11458333333333333
1 0.5765625 0.4625 0.10625 0.0625
1 0.6078125 0.5583333333333333 0.046875 0.1375
1 0.68828125 0.6041666666666667 0.0703125 0.12083333333333333
1 0.703125 0.740625 0.084375 0.10208333333333333
1 0.82109375 0.8604166666666666 0.0796875 0.1125
1 0.90625 0.5291666666666667 0.11875 0.07083333333333333
1 0.92578125 0.44166666666666665 0.1078125 0.0875
0 0.93203125 0.3458333333333333 0.1359375 0.09583333333333334
0 0.7640625 0.30833333333333335 0.121875 0.14583333333333334
0 0.18515625 0.3135416666666667 0.1078125 0.13958333333333334
0 0.08828125 0.31875 0.0640625 0.175
1 0.1015625 0.746875 0.065625 0.13125
1 0.08828125 0.8572916666666667 0.0671875 0.10625
1 0.1640625 0.9395833333333333 0.08125 0.12083333333333333
1 0.62421875 0.38020833333333337 0.0546875 0.12291666666666666
1 0.4171875 0.3885416666666667 0.078125 0.11458333333333333
1 0.12265625 0.50625 0.0859375 0.1
1 0.0515625 0.5895833333333333 0.071875 0.09166666666666666
