0 0.67084375 0.7297291666666667 0.05268750000000004 0.17114583333333327
0 0.3286875 0.16152083333333334 0.069234375 0.163875
1 0.451640625 0.17379166666666668 0.09328125000000007 0.09072916666666665
1 0.57959375 0.18547916666666667 0.08982812500000001 0.09929166666666665
1 0.9133281249999999 0.35862499999999997 0.06976562500000014 0.11693749999999999
1 0.895359375 0.4684375 0.09320312500000014 0.09020833333333336
1 0.18743749999999998 0.3848958333333333 0.074265625 0.1272708333333334
1 0.150265625 0.48322916666666665 0.08114062500000001 0.12397916666666665
1 0.418359375 0.5321874999999999 0.05485937500000002 0.1406458333333333
1 0.23821875 0.6540833333333332 0.0851875 0.0823541666666666
1 0.34728125 0.48552083333333335 0.05954687500000002 0.13272916666666668
1 0.050937500000000004 0.29341666666666666 0.10187500000000001 0.07350000000000004
1 0.045890625000000004 0.16172916666666665 0.07240625 0.1267916666666667
1 0.6208437499999999 0.6807708333333333 0.04731249999999996 0.1357083333333333
1 0.8456718750000001 0.6172083333333334 0.05509374999999998 0.14610416666666665
1 0.9476875 0.5624166666666667 0.10101562500000014 0.06564583333333332
1 0.9177031250000001 0.6513958333333334 0.078515625 0.1144374999999999
1 0.780046875 0.672625 0.093859375 0.10141666666666656
1 0.040781250000000005 0.47718750000000004 0.08156250000000001 0.06731250000000001
1 0.08026562499999998 0.5980416666666667 0.07865625 0.10775000000000005