0 0.3296875 0.27083333333333337 0.053125 0.17083333333333334
0 0.671875 0.8395833333333333 0.06875 0.1625
1 0.54921875 0.8270833333333334 0.0921875 0.09166666666666666
1 0.42109375000000004 0.815625 0.0890625 0.09791666666666667
1 0.08750000000000002 0.6416666666666666 0.06875 0.11666666666666667
1 0.10546875 0.5322916666666666 0.0921875 0.08958333333333333
1 0.81328125 0.615625 0.0734375 0.12708333333333333
1 0.85 0.5177083333333333 0.08125 0.12291666666666666
1 0.58203125 0.46875 0.0546875 0.14166666666666666
1 0.7625 0.34687500000000004 0.084375 0.08125
1 0.653125 0.515625 0.059375 0.13125
1 0.94921875 0.7072916666666667 0.1015625 0.07291666666666667
1 0.9546875 0.8385416666666666 0.071875 0.12708333333333333
1 0.37968749999999996 0.3197916666666667 0.046875 0.13541666666666666
1 0.15546875000000004 0.3833333333333333 0.0546875 0.14583333333333334
1 0.05312499999999998 0.4385416666666667 0.1 0.06458333333333334
1 0.08281249999999996 0.34895833333333337 0.078125 0.11458333333333333
1 0.22031250000000002 0.328125 0.09375 0.10208333333333333
1 0.959375 0.5239583333333333 0.08125 0.06875
1 0.9203125 0.40312499999999996 0.078125 0.10625
