0 0.42821875 0.2690208333333333 0.072328125 0.1544583333333333
0 0.34603125 0.5176250000000001 0.09454687499999999 0.13856250000000003
0 0.17259375 0.33841666666666664 0.091453125 0.14685416666666667
0 0.3293125 0.34902083333333334 0.07949999999999999 0.14443749999999997
1 0.27525 0.41802083333333334 0.06862500000000002 0.11437499999999995
1 0.40009375 0.44299999999999995 0.06607812499999999 0.13566666666666669
1 0.6625625 0.2792291666666667 0.05887499999999992 0.13820833333333332
1 0.7050625 0.15256250000000002 0.1188593749999999 0.12512500000000001
1 0.770515625 0.4784375 0.1029218750000001 0.07687499999999996
1 0.66303125 0.4696875 0.08793749999999996 0.084375
1 0.9120781250000001 0.5209375 0.09226562499999993 0.10479166666666663
1 0.527421875 0.5584583333333334 0.09170312499999991 0.08691666666666673
1 0.28118750000000003 0.5761666666666667 0.08674999999999997 0.08483333333333339
1 0.2849375 0.6763750000000001 0.055734375000000023 0.13558333333333342
1 0.46585937499999996 0.7122083333333333 0.049843749999999964 0.13058333333333322
1 0.791453125 0.6534583333333334 0.051046875000000026 0.1397708333333334
1 0.861921875 0.6455416666666667 0.09239062500000017 0.10277083333333342
1 0.974375 0.3608958333333333 0.05124999999999993 0.14152083333333335
1 0.167921875 0.6438958333333333 0.063328125 0.13277083333333337
1 0.3465 0.6932708333333333 0.048609375000000024 0.12737499999999996
1 0.58709375 0.7176458333333334 0.07982812500000006 0.09195833333333331