0 0.57265625 0.26875 0.0734375 0.15416666666666667
0 0.6546875 0.5166666666666667 0.09375 0.1375
0 0.828125 0.3375 0.090625 0.14583333333333334
0 0.67109375 0.34791666666666665 0.0796875 0.14583333333333334
1 0.725 0.41770833333333335 0.06875 0.11458333333333333
1 0.60078125 0.4427083333333333 0.0671875 0.13541666666666666
1 0.33828125 0.278125 0.0578125 0.13958333333333334
1 0.2953125 0.15208333333333332 0.11875 0.125
1 0.22968750000000004 0.478125 0.103125 0.07708333333333334
1 0.3375 0.46875 0.0875 0.08333333333333333
1 0.08828124999999998 0.5197916666666667 0.0921875 0.10625
1 0.47343749999999996 0.5572916666666666 0.090625 0.08541666666666667
1 0.71953125 0.575 0.0859375 0.08333333333333333
1 0.715625 0.6760416666666667 0.05625 0.13541666666666666
1 0.534375 0.7114583333333333 0.05 0.13125
1 0.20937499999999998 0.653125 0.05 0.13958333333333334
1 0.13828125000000002 0.6447916666666667 0.0921875 0.10208333333333333
1 0.025781249999999978 0.36041666666666666 0.0515625 0.14166666666666666
1 0.8328125 0.6427083333333333 0.0625 0.13125
1 0.65390625 0.6927083333333334 0.0484375 0.12708333333333333
1 0.41328125000000004 0.7166666666666667 0.0796875 0.09166666666666666
