0 0.57265625 0.73125 0.0734375 0.15416666666666667
0 0.6546875 0.4833333333333333 0.09375 0.1375
0 0.828125 0.6625 0.090625 0.14583333333333334
0 0.67109375 0.6520833333333333 0.0796875 0.14583333333333334
1 0.725 0.5822916666666667 0.06875 0.11458333333333333
1 0.60078125 0.5572916666666667 0.0671875 0.13541666666666666
1 0.33828125 0.721875 0.0578125 0.13958333333333334
1 0.2953125 0.8479166666666667 0.11875 0.125
1 0.22968750000000004 0.521875 0.103125 0.07708333333333334
1 0.3375 0.53125 0.0875 0.08333333333333333
1 0.08828124999999998 0.48020833333333335 0.0921875 0.10625
1 0.47343749999999996 0.44270833333333337 0.090625 0.08541666666666667
1 0.71953125 0.42500000000000004 0.0859375 0.08333333333333333
1 0.715625 0.32395833333333335 0.05625 0.13541666666666666
1 0.534375 0.2885416666666667 0.05 0.13125
1 0.20937499999999998 0.34687500000000004 0.05 0.13958333333333334
1 0.13828125000000002 0.35520833333333335 0.0921875 0.10208333333333333
1 0.025781249999999978 0.6395833333333334 0.0515625 0.14166666666666666
1 0.8328125 0.3572916666666667 0.0625 0.13125
1 0.65390625 0.30729166666666663 0.0484375 0.12708333333333333
1 0.41328125000000004 0.2833333333333333 0.0796875 0.09166666666666666
