0 0.5625 0.79375 0.109375 0.15
1 0.47578125000000004 0.7114583333333333 0.0984375 0.12291666666666666
0 0.76484375 0.665625 0.0734375 0.16458333333333333
1 0.71171875 0.365625 0.0640625 0.13541666666666666
1 0.9296875 0.35624999999999996 0.103125 0.10416666666666667
1 0.7390625 0.275 0.09375 0.10416666666666667
1 0.63125 0.35 0.10625 0.09166666666666666
1 0.61171875 0.4354166666666667 0.1296875 0.075
1 0.5015625 0.3885416666666667 0.071875 0.14791666666666667
0 0.3578125 0.4229166666666667 0.071875 0.15416666666666667
1 0.09140625000000002 0.39583333333333337 0.0796875 0.13333333333333333
1 0.45546875 0.30729166666666663 0.0671875 0.12708333333333333
1 0.8734375 0.6114583333333333 0.071875 0.09375
1 0.946875 0.6302083333333333 0.09375 0.09791666666666667
1 0.76875 0.09999999999999998 0.1375 0.15
1 0.515625 0.14479166666666665 0.125 0.06041666666666667
1 0.15312499999999996 0.21770833333333328 0.103125 0.09375
1 0.41015625 0.21666666666666667 0.1171875 0.09583333333333334
1 0.6734375 0.20520833333333333 0.121875 0.08958333333333333
1 0.29453125 0.35624999999999996 0.0734375 0.1375
1 0.83671875 0.22187500000000004 0.1171875 0.08541666666666667
1 0.06640625 0.22916666666666663 0.0484375 0.12916666666666668
1 0.6234375 0.25312500000000004 0.11875 0.07708333333333334
1 0.51171875 0.24375000000000002 0.0421875 0.1125
1 0.2640625 0.3979166666666667 0.0625 0.0875
1 0.1953125 0.28541666666666665 0.059375 0.125
