0 0.4375 0.79375 0.109375 0.15
1 0.52421875 0.7114583333333333 0.0984375 0.12291666666666666
0 0.23515625 0.665625 0.0734375 0.16458333333333333
1 0.28828125 0.365625 0.0640625 0.13541666666666666
1 0.0703125 0.35624999999999996 0.103125 0.10416666666666667
1 0.2609375 0.275 0.09375 0.10416666666666667
1 0.36875 0.35 0.10625 0.09166666666666666
1 0.38828125 0.4354166666666667 0.1296875 0.075
1 0.4984375 0.3885416666666667 0.071875 0.14791666666666667
0 0.6421875 0.4229166666666667 0.071875 0.15416666666666667
1 0.90859375 0.39583333333333337 0.0796875 0.13333333333333333
1 0.54453125 0.30729166666666663 0.0671875 0.12708333333333333
1 0.1265625 0.6114583333333333 0.071875 0.09375
1 0.053125 0.6302083333333333 0.09375 0.09791666666666667
1 0.23125 0.09999999999999998 0.1375 0.15
1 0.484375 0.14479166666666665 0.125 0.06041666666666667
1 0.846875 0.21770833333333328 0.103125 0.09375
1 0.58984375 0.21666666666666667 0.1171875 0.09583333333333334
1 0.3265625 0.20520833333333333 0.121875 0.08958333333333333
1 0.70546875 0.35624999999999996 0.0734375 0.1375
1 0.16328125 0.22187500000000004 0.1171875 0.08541666666666667
1 0.93359375 0.22916666666666663 0.0484375 0.12916666666666668
1 0.3765625 0.25312500000000004 0.11875 0.07708333333333334
1 0.48828125 0.24375000000000002 0.0421875 0.1125
1 0.7359375 0.3979166666666667 0.0625 0.0875
1 0.8046875 0.28541666666666665 0.059375 0.125
