1 0.7719374999999999 0.38866666666666666 0.07807812499999996 0.14314583333333328
1 0.640578125 0.4226875 0.08973437499999992 0.11522916666666667
1 0.580765625 0.50325 0.08276562500000004 0.10337500000000001
1 0.675484375 0.709875 0.10410937499999999 0.1129791666666667
1 0.918109375 0.5095833333333333 0.056312499999999946 0.1679791666666666
1 0.3736875 0.458 0.09870312500000003 0.09220833333333331
1 0.151578125 0.5930625 0.05915624999999998 0.12112499999999997
1 0.368921875 0.6582708333333334 0.05240625000000003 0.125
1 0.36723437499999995 0.5808125000000001 0.10428124999999996 0.06018749999999997
0 0.255578125 0.6919583333333333 0.11829687499999997 0.11904166666666664
1 0.03478125 0.6674166666666667 0.069546875 0.1443541666666666
1 0.802296875 0.7083125 0.07067187500000002 0.14137500000000003
1 0.7762343749999999 0.6495625 0.11048437499999997 0.09970833333333336
1 0.9514531249999999 0.6436041666666666 0.09264062499999995 0.13541666666666666
0 0.30228125 0.5133958333333334 0.136515625 0.07737499999999997
1 0.298546875 0.6235208333333334 0.06807812499999999 0.10416666666666667
1 0.466765625 0.7328958333333334 0.07192187499999995 0.10564583333333341
1 0.384 0.12920833333333334 0.06014062500000002 0.13825
1 0.315296875 0.8876458333333334 0.15514062500000003 0.1205416666666667
0 0.43248437500000003 0.7671041666666666 0.09264062499999999 0.11458333333333333
1 0.18025 0.7924166666666667 0.12610937500000002 0.07887500000000003
1 0.348765625 0.7790208333333334 0.07701562500000003 0.07887500000000003
1 0.8786406250000001 0.7118125000000001 0.06915624999999999 0.11029166666666654
1 0.24493749999999997 0.602625 0.07675000000000001 0.09191666666666667