0 0.667875 0.2467291666666667 0.08825000000000002 0.16989583333333336
0 0.5853906249999999 0.7226250000000001 0.11421875000000004 0.11806249999999992
1 0.7633281249999999 0.5571875 0.11979687500000002 0.07395833333333333
1 0.8427031250000001 0.45822916666666663 0.12853124999999999 0.07395833333333333
1 0.9255000000000001 0.5596875 0.125390625 0.06895833333333339
1 0.9664375 0.6690833333333334 0.06351562500000014 0.13768750000000007
1 0.31321875 0.05854166666666667 0.08981250000000003 0.11708333333333334
1 0.094796875 0.36091666666666666 0.07959374999999999 0.12485416666666668
1 0.050890625 0.6932708333333333 0.044921875 0.12737499999999996
1 0.378375 0.7482500000000001 0.04985937500000004 0.14597916666666677
1 0.68146875 0.7249375 0.056062499999999994 0.14070833333333327
1 0.14776562499999998 0.6205416666666667 0.07614062499999999 0.13610416666666675
0 0.23526562499999998 0.7536875 0.08635937499999999 0.13989583333333327