1 0.22812500000000002 0.3875 0.078125 0.14166666666666666
1 0.36015624999999996 0.421875 0.0890625 0.11458333333333333
1 0.41953125 0.5020833333333333 0.0828125 0.10416666666666667
1 0.32578125 0.7083333333333334 0.1046875 0.1125
1 0.08281249999999996 0.5083333333333333 0.05625 0.16666666666666666
1 0.62734375 0.45625 0.0984375 0.09166666666666666
1 0.84921875 0.5916666666666667 0.0578125 0.12083333333333333
1 0.63203125 0.65625 0.0515625 0.125
1 0.63359375 0.5802083333333333 0.1046875 0.06041666666666667
0 0.7453125 0.690625 0.11875 0.11875
1 0.965625 0.6666666666666666 0.06875 0.14583333333333334
1 0.19843750000000004 0.7072916666666667 0.071875 0.13958333333333334
1 0.22421875000000002 0.6479166666666667 0.1109375 0.1
1 0.04921874999999998 0.6427083333333333 0.0921875 0.13541666666666666
0 0.6984375 0.5125 0.1375 0.07916666666666666
1 0.70234375 0.6229166666666667 0.0671875 0.10416666666666667
1 0.534375 0.7322916666666667 0.071875 0.10625
1 0.61640625 0.128125 0.0609375 0.13958333333333334
1 0.68515625 0.8875 0.1546875 0.12083333333333333
0 0.56796875 0.765625 0.0921875 0.11458333333333333
1 0.8203125 0.7916666666666666 0.125 0.07916666666666666
1 0.65234375 0.778125 0.0765625 0.07708333333333334
1 0.12187499999999996 0.7114583333333333 0.06875 0.11041666666666666
1 0.75546875 0.6020833333333333 0.0765625 0.09166666666666666
