0 0.276515625 0.683875 0.12885937499999994 0.07058333333333332
0 0.35025 0.5084375 0.09387499999999997 0.14647916666666674
0 0.524921875 0.4905 0.06170312500000001 0.1573125
0 0.41931250000000003 0.35422916666666665 0.08701562500000004 0.15485416666666663
1 0.493828125 0.30235416666666665 0.09107812499999994 0.08779166666666664
1 0.61521875 0.35341666666666666 0.06106250000000006 0.12685416666666663
1 0.7122499999999999 0.19443749999999999 0.10198437499999997 0.07137499999999998
1 0.843953125 0.1913125 0.09353124999999993 0.09429166666666665
1 0.792078125 0.42072916666666665 0.05229687499999995 0.115625
1 0.358203125 0.07754166666666666 0.10017187500000002 0.0749375
1 0.12698437499999998 0.33716666666666667 0.05021875000000002 0.15268750000000003
1 0.377265625 0.6467916666666667 0.06954687499999998 0.11977083333333335
1 0.5135156249999999 0.6124166666666666 0.09201562499999998 0.0823333333333333
1 0.64396875 0.4625833333333333 0.0810625 0.1048125
0 0.782078125 0.6555416666666667 0.11978125000000003 0.11060416666666674
1 0.880984375 0.5717708333333333 0.07696874999999999 0.13645833333333332
1 0.474609375 0.5040833333333334 0.042343750000000034 0.13231250000000003
1 0.419765625 0.47010416666666666 0.06703124999999996 0.12689583333333337
1 0.25228125 0.5992708333333333 0.10206249999999999 0.10143750000000011
1 0.1930625 0.5851041666666668 0.060515625 0.12645833333333337
1 0.075421875 0.4842708333333333 0.04664062500000001 0.13856249999999998
0 0.47648437499999996 0.7199375 0.09389062500000005 0.147375