0 0.33281249999999996 0.24583333333333332 0.0875 0.17083333333333334
0 0.41484374999999996 0.721875 0.1140625 0.11875
1 0.23750000000000004 0.55625 0.11875 0.075
1 0.15781250000000002 0.45729166666666665 0.128125 0.07291666666666667
1 0.07499999999999996 0.559375 0.125 0.06875
1 0.034375000000000044 0.66875 0.0625 0.1375
1 0.6875 0.058333333333333334 0.090625 0.11666666666666667
1 0.90546875 0.36041666666666666 0.0796875 0.125
1 0.95 0.6927083333333334 0.04375 0.12708333333333333
1 0.621875 0.7479166666666667 0.05 0.14583333333333334
1 0.31875 0.7239583333333334 0.05625 0.13958333333333334
1 0.853125 0.6197916666666666 0.075 0.13541666666666666
0 0.765625 0.753125 0.0875 0.13958333333333334
