0 0.6671875 0.7541666666666667 0.0875 0.17083333333333334
0 0.58515625 0.27812499999999996 0.1140625 0.11875
1 0.7625 0.44375 0.11875 0.075
1 0.8421875 0.5427083333333333 0.128125 0.07291666666666667
1 0.925 0.44062500000000004 0.125 0.06875
1 0.965625 0.33125000000000004 0.0625 0.1375
1 0.3125 0.9416666666666667 0.090625 0.11666666666666667
1 0.09453125 0.6395833333333334 0.0796875 0.125
1 0.05 0.30729166666666663 0.04375 0.12708333333333333
1 0.378125 0.2520833333333333 0.05 0.14583333333333334
1 0.68125 0.27604166666666663 0.05625 0.13958333333333334
1 0.146875 0.38020833333333337 0.075 0.13541666666666666
0 0.234375 0.24687499999999996 0.0875 0.13958333333333334
