0 0.3530625 0.5626041666666667 0.09298437499999998 0.15479166666666663
0 0.511640625 0.5697083333333333 0.12576562500000002 0.11774999999999997
0 0.415859375 0.7301249999999999 0.12484374999999996 0.0863958333333334
0 0.8127187499999999 0.7290833333333333 0.11895312499999991 0.13433333333333336
1 0.8108281249999999 0.5999166666666667 0.11978125000000003 0.09400000000000001
1 0.424453125 0.3777916666666667 0.08265624999999996 0.09524999999999993
1 0.507109375 0.3344583333333333 0.05734375000000007 0.13477083333333334
1 0.604453125 0.48239583333333336 0.044859375000000055 0.13897916666666668
1 0.71740625 0.22089583333333335 0.08417187500000001 0.11181250000000004
1 0.898953125 0.24070833333333336 0.091015625 0.15556249999999996
1 0.844265625 0.525125 0.08790624999999999 0.10356250000000002
1 0.910359375 0.5607291666666666 0.06070312499999986 0.13770833333333338
1 0.900984375 0.703875 0.05803125000000016 0.14725000000000013
1 0.505078125 0.6947083333333333 0.09359374999999996 0.08225000000000003
1 0.2861875 0.4751041666666667 0.04675000000000003 0.13689583333333336
1 0.23275 0.49677083333333333 0.071125 0.09689583333333332
1 0.088078125 0.58075 0.061953124999999984 0.13566666666666669
1 0.05059375000000001 0.46531249999999996 0.07445312499999998 0.1297916666666667
1 0.04903125 0.07647916666666665 0.058828124999999995 0.12285416666666665
1 0.479609375 0.060625000000000005 0.06014062500000002 0.12125000000000001
1 0.41414062500000004 0.04254166666666667 0.08078125000000003 0.08508333333333334
1 0.36509375 0.32110416666666663 0.07642187500000004 0.10860416666666665
1 0.153390625 0.5657291666666667 0.050093750000000006 0.12770833333333328
1 0.207140625 0.5673958333333334 0.067609375 0.12437500000000004
1 0.282125 0.6248958333333333 0.055109374999999974 0.14268750000000002
1 0.9751562500000001 0.4888541666666667 0.049687499999999926 0.12272916666666672
0 0.95796875 0.6390833333333333 0.08406249999999993 0.14102083333333346