0 0.72421875 0.31666666666666665 0.1296875 0.07083333333333333
0 0.65 0.4927083333333333 0.09375 0.14791666666666667
0 0.47578125000000004 0.5104166666666667 0.0609375 0.15833333333333333
0 0.58125 0.646875 0.0875 0.15625
1 0.50703125 0.6979166666666667 0.0921875 0.0875
1 0.38515625 0.646875 0.0609375 0.12708333333333333
1 0.28828125000000004 0.80625 0.1015625 0.07083333333333333
1 0.15625 0.809375 0.09375 0.09375
1 0.20859375000000002 0.5802083333333333 0.0515625 0.11458333333333333
1 0.6421875 0.9229166666666666 0.1 0.075
1 0.8734375 0.6635416666666667 0.05 0.15208333333333332
1 0.6234375 0.35416666666666663 0.06875 0.12083333333333333
1 0.48671875 0.3885416666666667 0.0921875 0.08125
1 0.35624999999999996 0.5385416666666667 0.08125 0.10625
0 0.21875 0.3447916666666667 0.11875 0.11041666666666666
1 0.11953124999999998 0.4291666666666667 0.0765625 0.1375
1 0.52578125 0.49687499999999996 0.0421875 0.13125
1 0.58046875 0.5302083333333334 0.0671875 0.12708333333333333
1 0.7484375 0.40208333333333335 0.103125 0.1
1 0.8078125 0.415625 0.059375 0.12708333333333333
1 0.925 0.5166666666666666 0.046875 0.1375
0 0.525 0.28125 0.09375 0.14583333333333334
