0 0.27578125 0.31666666666666665 0.1296875 0.07083333333333333
0 0.35 0.4927083333333333 0.09375 0.14791666666666667
0 0.52421875 0.5104166666666667 0.0609375 0.15833333333333333
0 0.41875 0.646875 0.0875 0.15625
1 0.49296875 0.6979166666666667 0.0921875 0.0875
1 0.61484375 0.646875 0.0609375 0.12708333333333333
1 0.71171875 0.80625 0.1015625 0.07083333333333333
1 0.84375 0.809375 0.09375 0.09375
1 0.79140625 0.5802083333333333 0.0515625 0.11458333333333333
1 0.3578125 0.9229166666666666 0.1 0.075
1 0.1265625 0.6635416666666667 0.05 0.15208333333333332
1 0.3765625 0.35416666666666663 0.06875 0.12083333333333333
1 0.51328125 0.3885416666666667 0.0921875 0.08125
1 0.64375 0.5385416666666667 0.08125 0.10625
0 0.78125 0.3447916666666667 0.11875 0.11041666666666666
1 0.88046875 0.4291666666666667 0.0765625 0.1375
1 0.47421875 0.49687499999999996 0.0421875 0.13125
1 0.41953125 0.5302083333333334 0.0671875 0.12708333333333333
1 0.2515625 0.40208333333333335 0.103125 0.1
1 0.1921875 0.415625 0.059375 0.12708333333333333
1 0.075 0.5166666666666666 0.046875 0.1375
0 0.475 0.28125 0.09375 0.14583333333333334
