0 0.11026562499999999 0.5417916666666667 0.07615625000000001 0.2035833333333334
0 0.220421875 0.6172083333333334 0.13165624999999997 0.08727083333333331
0 0.08104687499999999 0.6820208333333333 0.11459375000000001 0.07985416666666675
0 0.530859375 0.4686458333333333 0.07982812500000006 0.16981249999999998
0 0.697875 0.6861875000000001 0.085734375 0.1382083333333334
0 0.7945781249999999 0.7043125 0.08228125000000004 0.11195833333333335
0 0.9120781250000001 0.735125 0.09226562499999993 0.12639583333333324
1 0.877703125 0.60325 0.11101562499999992 0.0973333333333334
1 0.455859375 0.4265416666666667 0.05484375000000004 0.17275000000000004
1 0.40226562499999996 0.6717916666666667 0.05704687499999998 0.1364166666666667
1 0.09745312499999999 0.39591666666666664 0.09428125 0.08816666666666666
1 0.262125 0.37552083333333336 0.067375 0.11268750000000007
1 0.383046875 0.1467291666666667 0.10298437500000004 0.0634375
1 0.40648437499999995 0.07941666666666666 0.08110937499999996 0.09135416666666668
1 0.5855312500000001 0.37174999999999997 0.05795312500000005 0.15318749999999995
1 0.64553125 0.29862500000000003 0.05293749999999999 0.16308333333333336
1 0.59490625 0.6078125 0.08920312500000005 0.10185416666666663
1 0.9022343749999999 0.051250000000000004 0.08053124999999994 0.10250000000000001