0 0.64765625 0.4385416666666667 0.0921875 0.15625
0 0.48906249999999996 0.43125 0.125 0.11666666666666667
0 0.584375 0.27083333333333337 0.125 0.0875
0 0.1875 0.271875 0.11875 0.13541666666666666
1 0.18984374999999998 0.40104166666666663 0.1203125 0.09375
1 0.57578125 0.6229166666666667 0.0828125 0.09583333333333334
1 0.49375 0.6666666666666667 0.05625 0.13333333333333333
1 0.39609375 0.51875 0.0453125 0.1375
1 0.2828125 0.7802083333333334 0.084375 0.11041666666666666
1 0.1015625 0.7604166666666666 0.090625 0.15416666666666667
1 0.15625 0.4760416666666667 0.0875 0.10208333333333333
1 0.08984375 0.4395833333333333 0.0609375 0.1375
1 0.09921875000000002 0.296875 0.0578125 0.14791666666666667
1 0.49531250000000004 0.30625 0.09375 0.08333333333333333
1 0.7140625 0.5260416666666667 0.046875 0.13541666666666666
1 0.76796875 0.5041666666666667 0.0703125 0.09583333333333334
1 0.9125 0.4197916666666667 0.0625 0.13541666666666666
1 0.95 0.5354166666666667 0.075 0.12916666666666668
1 0.9515625 0.9239583333333333 0.059375 0.12291666666666666
1 0.52109375 0.9395833333333333 0.0609375 0.12083333333333333
1 0.58671875 0.9583333333333334 0.0796875 0.08333333333333333
1 0.63515625 0.6791666666666667 0.0765625 0.10833333333333334
1 0.846875 0.4354166666666667 0.05 0.12916666666666668
1 0.79375 0.43333333333333335 0.06875 0.125
1 0.71875 0.3760416666666667 0.05625 0.14375
1 0.025000000000000022 0.5114583333333333 0.05 0.12291666666666666
0 0.042187500000000044 0.36250000000000004 0.084375 0.14166666666666666
