0 0.385078125 0.08770833333333333 0.09142187499999999 0.17541666666666667
0 0.190875 0.507 0.08739062500000001 0.1464791666666666
0 0.393984375 0.6392916666666667 0.10610937500000003 0.11527083333333342
0 0.088234375 0.6869999999999999 0.12271875000000003 0.09349999999999999
1 0.08417187499999998 0.5121875 0.08334375 0.0860625
1 0.24946875 0.4294791666666667 0.07018750000000003 0.1414583333333334
1 0.43648437500000004 0.5724166666666667 0.06609374999999992 0.11900000000000001
1 0.7942656250000001 0.504875 0.05042187500000006 0.14939583333333328
1 0.850203125 0.6334791666666667 0.04395312500000017 0.1536041666666667
1 0.48429687499999996 0.09358333333333334 0.10701562500000002 0.06366666666666668
1 0.8273906249999999 0.10795833333333334 0.09165625000000004 0.08908333333333335
1 0.132296875 0.13191666666666665 0.09540625 0.07033333333333334
1 0.2705625 0.6517916666666667 0.09050000000000002 0.14310416666666678