0 0.890625 0.459375 0.075 0.20208333333333334
0 0.78046875 0.3833333333333333 0.1328125 0.0875
0 0.91953125 0.31875 0.1140625 0.07916666666666666
0 0.46953124999999996 0.5322916666666666 0.0796875 0.16875
0 0.30234375 0.3145833333333333 0.0859375 0.1375
0 0.20625000000000004 0.296875 0.08125 0.11041666666666666
0 0.08828124999999998 0.265625 0.0921875 0.12708333333333333
1 0.12265625000000002 0.3979166666666667 0.1109375 0.09583333333333334
1 0.54453125 0.5739583333333333 0.0546875 0.17291666666666666
1 0.5984375 0.3291666666666667 0.05625 0.1375
1 0.903125 0.6052083333333333 0.09375 0.08958333333333333
1 0.73828125 0.625 0.0671875 0.1125
1 0.6171875 0.8541666666666666 0.103125 0.0625
1 0.59375 0.9208333333333334 0.08125 0.09166666666666666
1 0.41484374999999996 0.6291666666666667 0.0578125 0.15416666666666667
1 0.35468750000000004 0.7020833333333334 0.053125 0.1625
1 0.40546875000000004 0.3927083333333333 0.0890625 0.10208333333333333
1 0.09843749999999996 0.9489583333333333 0.08125 0.10208333333333333
