0 0.109375 0.459375 0.075 0.20208333333333334
0 0.21953125 0.3833333333333333 0.1328125 0.0875
0 0.08046875 0.31875 0.1140625 0.07916666666666666
0 0.53046875 0.5322916666666666 0.0796875 0.16875
0 0.69765625 0.3145833333333333 0.0859375 0.1375
0 0.79375 0.296875 0.08125 0.11041666666666666
0 0.91171875 0.265625 0.0921875 0.12708333333333333
1 0.87734375 0.3979166666666667 0.1109375 0.09583333333333334
1 0.45546875 0.5739583333333333 0.0546875 0.17291666666666666
1 0.4015625 0.3291666666666667 0.05625 0.1375
1 0.096875 0.6052083333333333 0.09375 0.08958333333333333
1 0.26171875 0.625 0.0671875 0.1125
1 0.3828125 0.8541666666666666 0.103125 0.0625
1 0.40625 0.9208333333333334 0.08125 0.09166666666666666
1 0.58515625 0.6291666666666667 0.0578125 0.15416666666666667
1 0.6453125 0.7020833333333334 0.053125 0.1625
1 0.59453125 0.3927083333333333 0.0890625 0.10208333333333333
1 0.9015625 0.9489583333333333 0.08125 0.10208333333333333
