0 0.220890625 0.6653333333333333 0.06510937500000002 0.1701875000000001
0 0.11776562500000001 0.4175833333333333 0.07865625000000001 0.1448333333333333
1 0.161515625 0.2642291666666667 0.07134375 0.13487499999999997
1 0.17978125 0.14922916666666666 0.087078125 0.11845833333333335
1 0.26384375000000004 0.09004166666666666 0.08854687500000002 0.0999375
1 0.433984375 0.15983333333333333 0.05139062499999998 0.12283333333333335
1 0.490078125 0.05670833333333333 0.09857812500000004 0.06660416666666666
1 0.45632812500000003 0.3108958333333333 0.09640625000000007 0.05818750000000002
1 0.747078125 0.32547916666666665 0.07479687500000001 0.12068750000000002
1 0.6831875000000001 0.43216666666666664 0.06262500000000007 0.14066666666666663
1 0.563515625 0.49966666666666665 0.04201562499999998 0.13897916666666663
1 0.47757812499999996 0.4282083333333333 0.08890624999999996 0.06941666666666665
1 0.39478125 0.5140625 0.04545312499999996 0.13106249999999994
1 0.3061875 0.45675000000000004 0.09924999999999998 0.06647916666666671
1 0.0666875 0.5057291666666667 0.114140625 0.08104166666666662
1 0.49210937499999996 0.6492916666666667 0.10234375 0.08527083333333323
1 0.878953125 0.5882291666666667 0.06353125000000012 0.13270833333333337
1 0.687875 0.5486666666666667 0.06575000000000006 0.11316666666666671
1 0.63928125 0.5615833333333333 0.07793749999999999 0.11400000000000006
1 0.70584375 0.6584583333333334 0.10768749999999994 0.07974999999999995
1 0.493515625 0.5007291666666667 0.08953124999999992 0.09106249999999996