0 0.615625 0.9125 0.090625 0.175
0 0.809375 0.49375 0.0875 0.14583333333333334
0 0.60625 0.3614583333333333 0.10625 0.11458333333333333
0 0.9125 0.3135416666666667 0.121875 0.09375
1 0.91640625 0.48854166666666665 0.0828125 0.08541666666666667
1 0.75078125 0.5708333333333333 0.0703125 0.14166666666666666
1 0.5640625 0.428125 0.065625 0.11875
1 0.20625000000000004 0.49583333333333335 0.05 0.15
1 0.15000000000000002 0.3677083333333333 0.04375 0.15208333333333332
1 0.51640625 0.9072916666666666 0.1078125 0.06458333333333334
1 0.17343750000000002 0.8927083333333333 0.090625 0.08958333333333333
1 0.86796875 0.86875 0.0953125 0.07083333333333333
1 0.7296875 0.34895833333333337 0.090625 0.14375
