0 0.8000468749999999 0.6499375000000001 0.10884375000000004 0.1573541666666666
0 0.890828125 0.18402083333333333 0.07476562499999986 0.1755625
1 0.9509375 0.44968749999999996 0.09812499999999993 0.11104166666666669
1 0.07229687500000001 0.22966666666666663 0.05289062500000001 0.1876458333333333
1 0.340875 0.23652083333333335 0.07485937500000003 0.11947916666666668
1 0.54834375 0.08587499999999999 0.10232812500000002 0.09177083333333333
1 0.8998906249999999 0.034604166666666665 0.09914062500000007 0.06910416666666667
1 0.793328125 0.47904166666666664 0.06729687499999999 0.13439583333333333
1 0.549921875 0.5742708333333333 0.07578125 0.11479166666666671
1 0.46148437500000006 0.4746666666666667 0.04109374999999993 0.12231249999999996
1 0.5296093749999999 0.43364583333333334 0.09765625 0.09979166666666663
1 0.65896875 0.57825 0.09856250000000007 0.0973333333333334
1 0.061515625 0.4965833333333334 0.04632812499999999 0.15064583333333328
1 0.052765625000000003 0.6161458333333333 0.07365625 0.13518749999999996
1 0.401015625 0.6559791666666667 0.06704687499999995 0.1319375000000001
1 0.6564687499999999 0.7030416666666667 0.10606249999999999 0.11558333333333337