0 0.7796875 0.6645833333333333 0.065625 0.17083333333333334
0 0.8828125 0.4166666666666667 0.078125 0.14583333333333334
1 0.8390625 0.2635416666666667 0.071875 0.13541666666666666
1 0.82109375 0.14895833333333333 0.0859375 0.11875
1 0.73671875 0.08958333333333333 0.0890625 0.1
1 0.56640625 0.159375 0.0515625 0.12291666666666666
1 0.51015625 0.05625 0.0984375 0.06666666666666667
1 0.54453125 0.3104166666666667 0.0953125 0.058333333333333334
1 0.25312500000000004 0.325 0.075 0.12083333333333333
1 0.31718749999999996 0.43125 0.0625 0.14166666666666666
1 0.43671875000000004 0.49895833333333334 0.0421875 0.13958333333333334
1 0.52265625 0.4270833333333333 0.0890625 0.07083333333333333
1 0.60546875 0.5135416666666667 0.0453125 0.13125
1 0.69453125 0.45625 0.0984375 0.06666666666666667
1 0.93359375 0.5052083333333334 0.1140625 0.08125
1 0.50859375 0.6489583333333333 0.1015625 0.08541666666666667
1 0.12187499999999996 0.5875 0.0625 0.13333333333333333
1 0.3125 0.5479166666666667 0.065625 0.1125
1 0.3609375 0.5604166666666667 0.078125 0.1125
1 0.29453125 0.6572916666666667 0.1078125 0.08125
1 0.50703125 0.5 0.0890625 0.09166666666666666
