0 0.23962500000000003 0.6409791666666667 0.072375 0.16860416666666656
0 0.620375 0.447375 0.06824999999999992 0.14775000000000002
0 0.395078125 0.6817916666666667 0.12390625000000002 0.09974999999999999
0 0.56865625 0.5984375 0.12420312500000001 0.08310416666666663
0 0.755203125 0.6769999999999999 0.07104687500000004 0.16352083333333337
1 0.545390625 0.4628125 0.05576562499999991 0.17481250000000007
1 0.32728125 0.4794791666666667 0.09454687499999999 0.09145833333333328
1 0.383671875 0.43927083333333333 0.06673437500000001 0.11520833333333336
1 0.31134375 0.5742708333333333 0.056062499999999994 0.13145833333333337
1 0.45601562500000004 0.602625 0.10203124999999993 0.09191666666666667
1 0.5619375 0.6830625 0.07014062499999998 0.11112500000000007
1 0.6706875 0.6253333333333334 0.06262500000000007 0.14985416666666657
1 0.7402031250000001 0.40489583333333334 0.09854687500000008 0.1006041666666667
1 0.68959375 0.18027083333333332 0.07231249999999996 0.14304166666666665
1 0.28884375 0.07066666666666667 0.10104687500000002 0.08216666666666667
1 0.03340625 0.14172916666666666 0.052578124999999996 0.13679166666666667
1 0.12448437500000001 0.7357708333333334 0.09520312500000001 0.07904166666666654
0 0.5239843750000001 0.7495208333333333 0.06607812499999995 0.11489583333333328