0 0.20078125000000002 0.6489583333333333 0.1078125 0.15625
0 0.109375 0.18333333333333332 0.075 0.175
1 0.04921874999999998 0.44895833333333335 0.0984375 0.11041666666666666
1 0.928125 0.22916666666666666 0.053125 0.1875
1 0.659375 0.23541666666666666 0.075 0.12083333333333333
1 0.45234375000000004 0.08541666666666667 0.1015625 0.09166666666666666
1 0.10078125000000004 0.034375 0.0984375 0.06875
1 0.20703125 0.478125 0.0671875 0.13541666666666666
1 0.45078125 0.5739583333333333 0.0765625 0.11458333333333333
1 0.5390625 0.4739583333333333 0.040625 0.12291666666666666
1 0.47109375 0.43333333333333335 0.0984375 0.1
1 0.34140625 0.5770833333333333 0.0984375 0.09583333333333334
1 0.9390625 0.49583333333333335 0.046875 0.15
1 0.94765625 0.615625 0.0734375 0.13541666666666666
1 0.59921875 0.6552083333333333 0.0671875 0.13125
1 0.34375 0.7020833333333333 0.10625 0.11666666666666667
