0 0.20078125000000002 0.3510416666666667 0.1078125 0.15625
0 0.109375 0.8166666666666667 0.075 0.175
1 0.04921874999999998 0.5510416666666667 0.0984375 0.11041666666666666
1 0.928125 0.7708333333333334 0.053125 0.1875
1 0.659375 0.7645833333333334 0.075 0.12083333333333333
1 0.45234375000000004 0.9145833333333333 0.1015625 0.09166666666666666
1 0.10078125000000004 0.965625 0.0984375 0.06875
1 0.20703125 0.521875 0.0671875 0.13541666666666666
1 0.45078125 0.42604166666666665 0.0765625 0.11458333333333333
1 0.5390625 0.5260416666666667 0.040625 0.12291666666666666
1 0.47109375 0.5666666666666667 0.0984375 0.1
1 0.34140625 0.4229166666666667 0.0984375 0.09583333333333334
1 0.9390625 0.5041666666666667 0.046875 0.15
1 0.94765625 0.384375 0.0734375 0.13541666666666666
1 0.59921875 0.3447916666666667 0.0671875 0.13125
1 0.34375 0.2979166666666667 0.10625 0.11666666666666667
