0 0.131671875 0.6551458333333334 0.11582812499999999 0.1136041666666666
0 0.15589062499999998 0.7651458333333333 0.11739062499999997 0.08364583333333328
0 0.5099218750000001 0.18402083333333333 0.08170312499999995 0.1755625
1 0.30071875000000003 0.07754166666666666 0.11018749999999997 0.07508333333333332
1 0.16526562500000003 0.15839583333333335 0.07364062500000002 0.13679166666666667
1 0.31946875 0.22214583333333332 0.07268749999999997 0.12264583333333334
1 0.28321874999999996 0.30195833333333333 0.06268750000000001 0.1364166666666667
1 0.387578125 0.38343750000000004 0.083921875 0.13685416666666667
1 0.528359375 0.33175000000000004 0.07482812499999998 0.13352083333333337
1 0.70428125 0.6170000000000001 0.057937500000000065 0.14985416666666657
1 0.785984375 0.5228333333333334 0.049484375000000025 0.14481250000000004
1 0.5739687499999999 0.6684791666666666 0.07857812499999994 0.10693750000000009
1 0.144484375 0.381125 0.097703125 0.07191666666666663
1 0.21979687499999997 0.39239583333333333 0.04542187499999999 0.14227083333333337
0 0.05171875 0.46216666666666667 0.1034375 0.09731249999999995
1 0.21964062499999998 0.6909791666666667 0.055109374999999995 0.13529166666666653
1 0.8358281249999999 0.5911458333333334 0.07728125000000005 0.11854166666666661
1 0.8678593749999999 0.6388750000000001 0.10071875000000005 0.11060416666666674
1 0.768328125 0.6945208333333334 0.07979687499999999 0.12154166666666673
1 0.028718749999999998 0.15316666666666665 0.055703125 0.11949999999999998
0 0.95796875 0.6676458333333334 0.08406249999999993 0.08860416666666661