0 0.2390625 0.359375 0.071875 0.16875
0 0.61953125 0.553125 0.0671875 0.14791666666666667
0 0.39453125 0.31875 0.1234375 0.1
0 0.56796875 0.40208333333333335 0.1234375 0.08333333333333333
0 0.7546875 0.32395833333333335 0.071875 0.16458333333333333
1 0.54453125 0.5375 0.0546875 0.175
1 0.3265625 0.5208333333333333 0.09375 0.09166666666666666
1 0.3828125 0.5614583333333334 0.065625 0.11458333333333333
1 0.3109375 0.42604166666666665 0.05625 0.13125
1 0.45546875 0.3979166666666667 0.1015625 0.09166666666666666
1 0.56171875 0.31770833333333337 0.0703125 0.11041666666666666
1 0.6703125 0.375 0.0625 0.15
1 0.73984375 0.5958333333333333 0.0984375 0.1
1 0.6890625 0.8208333333333333 0.071875 0.14166666666666666
1 0.28828125 0.9302083333333333 0.1015625 0.08125
1 0.0328125 0.859375 0.053125 0.13541666666666666
1 0.12421875 0.2645833333333333 0.0953125 0.07916666666666666
0 0.5234375 0.2510416666666667 0.065625 0.11458333333333333
