0 0.7609375 0.359375 0.071875 0.16875
0 0.38046875 0.553125 0.0671875 0.14791666666666667
0 0.60546875 0.31875 0.1234375 0.1
0 0.43203125 0.40208333333333335 0.1234375 0.08333333333333333
0 0.24531250000000004 0.32395833333333335 0.071875 0.16458333333333333
1 0.45546875 0.5375 0.0546875 0.175
1 0.6734375 0.5208333333333333 0.09375 0.09166666666666666
1 0.6171875 0.5614583333333334 0.065625 0.11458333333333333
1 0.6890625 0.42604166666666665 0.05625 0.13125
1 0.54453125 0.3979166666666667 0.1015625 0.09166666666666666
1 0.43828124999999996 0.31770833333333337 0.0703125 0.11041666666666666
1 0.3296875 0.375 0.0625 0.15
1 0.26015625 0.5958333333333333 0.0984375 0.1
1 0.3109375 0.8208333333333333 0.071875 0.14166666666666666
1 0.71171875 0.9302083333333333 0.1015625 0.08125
1 0.9671875 0.859375 0.053125 0.13541666666666666
1 0.87578125 0.2645833333333333 0.0953125 0.07916666666666666
0 0.4765625 0.2510416666666667 0.065625 0.11458333333333333
