0 0.840828125 0.6734583333333333 0.12478124999999993 0.11641666666666665
0 0.238234375 0.5471874999999999 0.10229687499999998 0.12729166666666672
0 0.376484375 0.5644791666666666 0.10860937499999998 0.10520833333333333
1 0.32618749999999996 0.6778333333333334 0.051750000000000004 0.1284999999999999
1 0.48773437499999994 0.650125 0.09359374999999996 0.08693750000000004
1 0.534296875 0.5805416666666667 0.04453125 0.13941666666666663
1 0.68615625 0.5259583333333334 0.0841875 0.13856250000000003
1 0.892703125 0.4328125 0.066015625 0.14812500000000003
1 0.870203125 0.5567916666666667 0.10851562500000007 0.08356250000000003
1 0.491015625 0.22381250000000003 0.07203125000000003 0.10931250000000002
1 0.29384375 0.21129166666666668 0.058937500000000045 0.1323958333333333
1 0.03184375 0.162125 0.061953125 0.11408333333333331
1 0.6500625 0.7545208333333334 0.03887499999999999 0.12489583333333343
0 0.7406875 0.7297083333333333 0.07760937499999994 0.16224999999999998