0 0.86875 0.3458333333333333 0.115625 0.1125
0 0.84453125 0.23541666666666672 0.1171875 0.08333333333333333
0 0.490625 0.8166666666666667 0.08125 0.175
1 0.7 0.9229166666666666 0.109375 0.075
1 0.83515625 0.8427083333333334 0.0734375 0.13541666666666666
1 0.68125 0.778125 0.071875 0.12291666666666666
1 0.7171875 0.6989583333333333 0.0625 0.13541666666666666
1 0.61328125 0.6177083333333333 0.0828125 0.13541666666666666
1 0.47187500000000004 0.66875 0.075 0.13333333333333333
1 0.29609375000000004 0.3833333333333333 0.0578125 0.15
1 0.21484375 0.478125 0.0484375 0.14375
1 0.42656249999999996 0.33229166666666665 0.078125 0.10625
1 0.85625 0.6197916666666667 0.096875 0.07291666666666667
1 0.78046875 0.6083333333333334 0.0453125 0.14166666666666666
0 0.9484375 0.5385416666666667 0.103125 0.09791666666666667
1 0.78125 0.30937499999999996 0.05625 0.13541666666666666
1 0.16484374999999996 0.40937500000000004 0.0765625 0.11875
1 0.1328125 0.3614583333333333 0.1 0.11041666666666666
1 0.23203125000000002 0.30625 0.0796875 0.12083333333333333
1 0.971875 0.8479166666666667 0.05625 0.12083333333333333
0 0.042187500000000044 0.33333333333333337 0.084375 0.0875
