0 0.86875 0.6541666666666667 0.115625 0.1125
0 0.84453125 0.7645833333333333 0.1171875 0.08333333333333333
0 0.490625 0.18333333333333332 0.08125 0.175
1 0.7 0.07708333333333334 0.109375 0.075
1 0.83515625 0.15729166666666666 0.0734375 0.13541666666666666
1 0.68125 0.221875 0.071875 0.12291666666666666
1 0.7171875 0.30104166666666665 0.0625 0.13541666666666666
1 0.61328125 0.38229166666666664 0.0828125 0.13541666666666666
1 0.47187500000000004 0.33125 0.075 0.13333333333333333
1 0.29609375000000004 0.6166666666666667 0.0578125 0.15
1 0.21484375 0.521875 0.0484375 0.14375
1 0.42656249999999996 0.6677083333333333 0.078125 0.10625
1 0.85625 0.3802083333333333 0.096875 0.07291666666666667
1 0.78046875 0.39166666666666666 0.0453125 0.14166666666666666
0 0.9484375 0.46145833333333336 0.103125 0.09791666666666667
1 0.78125 0.690625 0.05625 0.13541666666666666
1 0.16484374999999996 0.590625 0.0765625 0.11875
1 0.1328125 0.6385416666666667 0.1 0.11041666666666666
1 0.23203125000000002 0.69375 0.0796875 0.12083333333333333
1 0.971875 0.15208333333333332 0.05625 0.12083333333333333
0 0.042187500000000044 0.6666666666666666 0.084375 0.0875
