0 0.778125 0.4197916666666667 0.134375 0.09375
0 0.4484375 0.7479166666666667 0.059375 0.17083333333333334
0 0.18671875 0.78125 0.0671875 0.15833333333333333
0 0.19609375 0.5604166666666667 0.0828125 0.14583333333333334
0 0.3328125 0.459375 0.115625 0.10625
0 0.3015625 0.35 0.065625 0.1625
1 0.2359375 0.61875 0.096875 0.06666666666666667
1 0.33984375 0.53125 0.0703125 0.0875
1 0.5125 0.6333333333333333 0.103125 0.06666666666666667
1 0.63125 0.5395833333333333 0.05 0.14166666666666666
1 0.48515625 0.5354166666666667 0.0796875 0.09583333333333334
1 0.553125 0.528125 0.0625 0.12708333333333333
1 0.81640625 0.5979166666666667 0.1109375 0.0625
1 0.7734375 0.521875 0.071875 0.11041666666666666
1 0.83671875 0.375 0.0921875 0.07916666666666666
0 0.79296875 0.26979166666666665 0.1171875 0.11875
1 0.45390625 0.31875 0.0484375 0.1375
1 0.41015625 0.365625 0.0359375 0.12291666666666666
1 0.4875 0.43437499999999996 0.05625 0.13125
1 0.54375 0.4229166666666667 0.0625 0.13333333333333333
1 0.59140625 0.3885416666666667 0.0515625 0.13958333333333334
1 0.51875 0.33125000000000004 0.1 0.08333333333333333
1 0.05 0.6479166666666667 0.1 0.0625
1 0.04375 0.53125 0.05625 0.12083333333333333
1 0.084375 0.8854166666666666 0.084375 0.07916666666666666
1 0.2546875 0.73125 0.090625 0.07916666666666666
1 0.321875 0.684375 0.05625 0.14791666666666667
1 0.3625 0.7395833333333333 0.06875 0.11666666666666667
1 0.2109375 0.37187499999999996 0.109375 0.07291666666666667
1 0.378125 0.1875 0.1125 0.058333333333333334
1 0.9078125 0.23541666666666672 0.11875 0.05416666666666667
0 0.09140625 0.24895833333333328 0.1015625 0.16875
0 0.2875 0.24479166666666663 0.06875 0.13541666666666666
1 0.35859375 0.34791666666666665 0.0671875 0.09166666666666666
