1 0.759484375 0.3504375 0.09932812500000007 0.09077083333333331
1 0.4615 0.13839583333333336 0.08146874999999998 0.14881250000000001
1 0.401578125 0.0795625 0.05646874999999998 0.14375
1 0.23732812499999997 0.3575 0.055625000000000036 0.14356250000000007
1 0.06839062500000001 0.3677708333333333 0.059546875 0.1443541666666667
1 0.23696875 0.6516041666666667 0.08526562499999998 0.10381250000000009
1 0.634484375 0.4642916666666667 0.11048437500000005 0.0982083333333333
1 0.555796875 0.5364583333333334 0.09375 0.08185416666666664
1 0.47865624999999995 0.48377083333333337 0.06115624999999998 0.12352083333333337
1 0.34173437500000003 0.49333333333333335 0.09812500000000002 0.10012500000000006
0 0.7075625 0.6507083333333333 0.06764062499999994 0.1472708333333332
1 0.789625 0.671125 0.09485937500000005 0.11606250000000008
1 0.9307343749999999 0.6349374999999999 0.05406249999999986 0.14310416666666678
1 0.439171875 0.6235208333333334 0.08817187499999997 0.11310416666666659
1 0.4525625 0.5520833333333334 0.0703125 0.11606250000000001
1 0.309625 0.5971875 0.07512499999999997 0.11060416666666674
1 0.37759375 0.6290625 0.05142187500000004 0.1343541666666667
1 0.885203125 0.6982708333333334 0.08851562500000014 0.08737499999999988
1 0.407109375 0.7380625 0.05735937500000001 0.12112499999999997
1 0.52053125 0.7847083333333333 0.09579687499999992 0.0598541666666667
1 0.341515625 0.7931458333333333 0.10714062499999999 0.09227083333333326
1 0.9369375 0.7678541666666666 0.10603124999999984 0.07737499999999997
1 0.8113906249999999 0.7671041666666666 0.09151562499999999 0.06993750000000011
1 0.559921875 0.0975625 0.056703124999999945 0.1484375