0 0.10995312500000001 0.2517291666666666 0.10678125000000001 0.10987499999999999
0 0.161515625 0.3483958333333333 0.09634374999999998 0.13318750000000001
0 0.631625 0.48989583333333336 0.05325000000000006 0.15397916666666672
0 0.72803125 0.13339583333333332 0.08042187500000005 0.170125
0 0.523046875 0.6178333333333333 0.07045312500000005 0.15152083333333338
0 0.11151562500000001 0.5840833333333334 0.11615625 0.10900000000000004
1 0.545546875 0.48612500000000003 0.052953124999999976 0.12856249999999997
1 0.3486875 0.45820833333333333 0.046734375000000036 0.1260833333333333
1 0.031406250000000004 0.16170833333333334 0.06281250000000001 0.10658333333333332
1 0.59021875 0.3190208333333333 0.09857812500000004 0.10443749999999999
1 0.903484375 0.14316666666666666 0.07195312499999992 0.13949999999999996
1 0.9609375 0.25104166666666666 0.078125 0.14375
1 0.9454687500000001 0.45237499999999997 0.10906249999999992 0.08772916666666669
1 0.8141093749999999 0.635125 0.10571875000000004 0.09310416666666678
1 0.307125 0.6336666666666667 0.09487500000000004 0.0831874999999999
1 0.342125 0.5803125 0.08512500000000003 0.12354166666666663
1 0.57209375 0.6109583333333333 0.07482812499999998 0.10858333333333334
1 0.6700625 0.602625 0.051125000000000045 0.12525
1 0.41228125000000004 0.40989583333333335 0.06045312500000004 0.14395833333333338