0 0.15937500000000004 0.3270833333333333 0.125 0.11666666666666667
0 0.7625 0.453125 0.103125 0.12708333333333333
0 0.62421875 0.4364583333333333 0.1078125 0.10625
1 0.67421875 0.32291666666666663 0.0515625 0.12916666666666668
1 0.5125 0.3510416666666667 0.09375 0.08541666666666667
1 0.46640625 0.4197916666666667 0.0453125 0.13958333333333334
1 0.3140625 0.475 0.084375 0.1375
1 0.10781249999999998 0.5677083333333333 0.065625 0.14791666666666667
1 0.13046875000000002 0.44375 0.1078125 0.08333333333333333
1 0.509375 0.7770833333333333 0.071875 0.10833333333333334
1 0.70703125 0.7895833333333333 0.0578125 0.13333333333333333
1 0.96875 0.8385416666666666 0.0625 0.11458333333333333
1 0.35078125000000004 0.24583333333333335 0.0390625 0.125
0 0.26015625 0.27083333333333337 0.0765625 0.1625
