0 0.6989687499999999 0.5451250000000001 0.12854687499999998 0.09356249999999994
0 0.765046875 0.37529166666666663 0.1263593750000001 0.11693749999999999
1 0.134640625 0.3569583333333333 0.08739062500000001 0.12977083333333336
1 0.029640624999999997 0.15922916666666667 0.05242187499999999 0.12179166666666669
1 0.43257812500000004 0.233 0.07390624999999998 0.16097916666666662
1 0.553359375 0.251125 0.04982812499999998 0.13472916666666665
1 0.540078125 0.4436458333333333 0.06389062499999998 0.153125
1 0.452265625 0.5672083333333333 0.04453125 0.14608333333333334
1 0.33759375 0.4503125 0.07142187499999997 0.11645833333333329
1 0.390859375 0.40427083333333336 0.062359375000000036 0.11185416666666666
1 0.5863125 0.6345 0.08889062499999997 0.0981875
1 0.8739531250000001 0.5224166666666666 0.05353124999999999 0.13564583333333335
1 0.853328125 0.07525 0.08728124999999984 0.11635416666666669
1 0.9216093750000001 0.099625 0.07928125000000001 0.13910416666666667
1 0.071515625 0.6536875 0.07365625 0.10652083333333333
0 0.23665625 0.6903541666666667 0.12581249999999997 0.09654166666666673
1 0.616 0.4384166666666667 0.07200000000000006 0.1698333333333333