1 0.24140625000000004 0.3489583333333333 0.0984375 0.08958333333333333
1 0.5390625 0.1375 0.08125 0.15
1 0.59921875 0.078125 0.0578125 0.14375
1 0.76328125 0.3572916666666667 0.0546875 0.14375
1 0.9328125 0.36666666666666664 0.059375 0.14583333333333334
1 0.7640625 0.65 0.084375 0.10416666666666667
1 0.36640625000000004 0.4635416666666667 0.1109375 0.09791666666666667
1 0.4453125 0.5354166666666667 0.09375 0.08333333333333333
1 0.52265625 0.4822916666666667 0.0609375 0.12291666666666666
1 0.65859375 0.49166666666666664 0.0984375 0.1
0 0.29296875 0.6489583333333333 0.0671875 0.14791666666666667
1 0.2109375 0.6697916666666667 0.09375 0.11458333333333333
1 0.0703125 0.634375 0.053125 0.14375
1 0.56171875 0.6229166666666667 0.0890625 0.1125
1 0.54765625 0.5510416666666667 0.0703125 0.11458333333333333
1 0.690625 0.596875 0.075 0.11041666666666666
1 0.62265625 0.628125 0.0515625 0.13541666666666666
1 0.11562499999999998 0.6979166666666666 0.0875 0.0875
1 0.59375 0.7375 0.05625 0.12083333333333333
1 0.48046875 0.784375 0.0953125 0.06041666666666667
1 0.659375 0.7916666666666666 0.10625 0.09166666666666666
1 0.06406250000000002 0.7677083333333333 0.10625 0.07708333333333334
1 0.18906250000000002 0.765625 0.090625 0.06875
1 0.44062500000000004 0.096875 0.05625 0.14791666666666667
