1 0.75859375 0.6510416666666667 0.0984375 0.08958333333333333
1 0.4609375 0.8625 0.08125 0.15
1 0.40078125 0.921875 0.0578125 0.14375
1 0.23671875 0.6427083333333333 0.0546875 0.14375
1 0.0671875 0.6333333333333333 0.059375 0.14583333333333334
1 0.2359375 0.35 0.084375 0.10416666666666667
1 0.63359375 0.5364583333333333 0.1109375 0.09791666666666667
1 0.5546875 0.46458333333333335 0.09375 0.08333333333333333
1 0.47734375 0.5177083333333333 0.0609375 0.12291666666666666
1 0.34140625 0.5083333333333333 0.0984375 0.1
0 0.70703125 0.3510416666666667 0.0671875 0.14791666666666667
1 0.7890625 0.3302083333333333 0.09375 0.11458333333333333
1 0.9296875 0.365625 0.053125 0.14375
1 0.43828125 0.3770833333333333 0.0890625 0.1125
1 0.45234375 0.44895833333333335 0.0703125 0.11458333333333333
1 0.309375 0.40312499999999996 0.075 0.11041666666666666
1 0.37734375 0.37187499999999996 0.0515625 0.13541666666666666
1 0.884375 0.30208333333333337 0.0875 0.0875
1 0.40625 0.26249999999999996 0.05625 0.12083333333333333
1 0.51953125 0.21562499999999996 0.0953125 0.06041666666666667
1 0.340625 0.20833333333333337 0.10625 0.09166666666666666
1 0.9359375 0.23229166666666667 0.10625 0.07708333333333334
1 0.8109375 0.234375 0.090625 0.06875
1 0.559375 0.903125 0.05625 0.14791666666666667
