0 0.077453125 0.6501458333333333 0.06678124999999999 0.17027083333333337
0 0.096046875 0.48762500000000003 0.08209375 0.16189583333333335
0 0.66334375 0.44487499999999996 0.11981249999999992 0.0860625
0 0.5177343750000001 0.6399166666666667 0.12857812499999993 0.08735416666666657
1 0.5456875 0.20027083333333331 0.10014062500000005 0.06637500000000003
1 0.21071875 0.3619791666666667 0.06770312499999998 0.1397708333333334
1 0.29134375 0.5238750000000001 0.09143749999999998 0.09272916666666671
1 0.19775 0.5874166666666666 0.076140625 0.11566666666666663
1 0.427578125 0.5409583333333334 0.08890624999999996 0.0852291666666666
1 0.58021875 0.5601041666666667 0.10357812499999994 0.07645833333333336
1 0.7239687499999999 0.46779166666666666 0.06604687499999998 0.13189583333333335
1 0.81021875 0.40968750000000004 0.09895312499999998 0.09768749999999997
1 0.887234375 0.4877916666666666 0.04803125000000001 0.14189583333333336
1 0.820359375 0.5615833333333333 0.10571875000000004 0.06397916666666668
1 0.74334375 0.6551458333333334 0.05479687500000008 0.13027083333333328
1 0.69084375 0.6934791666666666 0.07481249999999999 0.1069583333333334
1 0.49992187499999996 0.7388958333333334 0.07421875 0.08945833333333321
1 0.408203125 0.6601250000000001 0.08765625000000003 0.09308333333333323
1 0.29134375 0.6542916666666667 0.06643749999999997 0.13810416666666658
1 0.317125 0.7182708333333333 0.08512500000000003 0.11070833333333331
1 0.59209375 0.37424999999999997 0.10231250000000003 0.08518749999999997
1 0.860203125 0.648875 0.08853125000000013 0.12393750000000002
1 0.940828125 0.6711666666666667 0.08771875000000015 0.12516666666666676
1 0.025937500000000002 0.5711666666666667 0.051875000000000004 0.12483333333333331
1 0.154171875 0.6440833333333333 0.06415625 0.1210208333333334
1 0.54865625 0.3240416666666667 0.10420312500000009 0.05891666666666673