0 0.890625 0.7489583333333334 0.10625 0.11041666666666666
0 0.8390625 0.6520833333333333 0.096875 0.13333333333333333
0 0.36875 0.5104166666666667 0.053125 0.15416666666666667
0 0.27265625000000004 0.8677083333333333 0.0796875 0.16875
0 0.47734374999999996 0.3833333333333333 0.0703125 0.15
0 0.8890625 0.41666666666666663 0.115625 0.10833333333333334
1 0.4546875 0.5145833333333334 0.053125 0.12916666666666668
1 0.6515625 0.5427083333333333 0.046875 0.12708333333333333
1 0.96875 0.8385416666666666 0.0625 0.10625
1 0.41015625 0.68125 0.0984375 0.10416666666666667
1 0.09687500000000004 0.8572916666666667 0.071875 0.13958333333333334
1 0.0390625 0.75 0.078125 0.14166666666666666
1 0.0546875 0.5479166666666666 0.109375 0.0875
1 0.18671875000000004 0.365625 0.1046875 0.09375
1 0.69375 0.3666666666666667 0.09375 0.08333333333333333
1 0.65859375 0.4208333333333333 0.0859375 0.125
1 0.428125 0.3895833333333333 0.075 0.10833333333333334
1 0.33046875 0.3979166666666667 0.0515625 0.125
1 0.58828125 0.590625 0.0609375 0.14375
