0 0.21370312500000002 0.6017708333333334 0.09821875000000002 0.14312500000000003
1 0.14651562499999998 0.5217708333333333 0.04864062499999999 0.13647916666666665
1 0.169640625 0.21379166666666669 0.05739062499999999 0.12739583333333332
1 0.33806250000000004 0.4740625 0.06298437500000001 0.13897916666666668
1 0.41946874999999995 0.48822916666666666 0.10232812500000002 0.0672916666666667
1 0.60490625 0.5465625000000001 0.07168749999999999 0.13270833333333337
1 0.572734375 0.7216041666666667 0.04607812500000001 0.16737500000000008
1 0.67365625 0.6847291666666667 0.0841875 0.1144583333333332
1 0.832078125 0.6584791666666666 0.044781250000000127 0.1536041666666667
1 0.8567656250000001 0.4875833333333333 0.07540624999999998 0.12147916666666667
1 0.9608125 0.42758333333333337 0.06476562500000008 0.12483333333333337
1 0.02359375 0.3325625 0.0471875 0.13152083333333334