0 0.30156249999999996 0.4552083333333333 0.128125 0.09375
0 0.23515624999999996 0.625 0.1265625 0.11666666666666667
1 0.865625 0.64375 0.0875 0.12916666666666668
1 0.97109375 0.8416666666666667 0.0515625 0.12083333333333333
1 0.56796875 0.7677083333333333 0.0734375 0.16041666666666668
1 0.446875 0.75 0.05 0.13333333333333333
1 0.46015625000000004 0.5572916666666667 0.0640625 0.15208333333333332
1 0.5484375 0.43333333333333335 0.04375 0.14583333333333334
1 0.66328125 0.55 0.0703125 0.11666666666666667
1 0.609375 0.596875 0.0625 0.11041666666666666
1 0.41484374999999996 0.3666666666666667 0.0890625 0.1
1 0.12656250000000002 0.478125 0.053125 0.13541666666666666
1 0.14687499999999998 0.925 0.0875 0.11666666666666667
1 0.07890624999999996 0.9010416666666666 0.0796875 0.13958333333333334
1 0.92890625 0.34687500000000004 0.0734375 0.10625
0 0.7640625 0.3104166666666667 0.125 0.09583333333333334
1 0.384375 0.5625 0.071875 0.17083333333333334
