0 0.30156249999999996 0.5447916666666667 0.128125 0.09375
0 0.23515624999999996 0.375 0.1265625 0.11666666666666667
1 0.865625 0.35625 0.0875 0.12916666666666668
1 0.97109375 0.15833333333333333 0.0515625 0.12083333333333333
1 0.56796875 0.23229166666666667 0.0734375 0.16041666666666668
1 0.446875 0.25 0.05 0.13333333333333333
1 0.46015625000000004 0.4427083333333333 0.0640625 0.15208333333333332
1 0.5484375 0.5666666666666667 0.04375 0.14583333333333334
1 0.66328125 0.45 0.0703125 0.11666666666666667
1 0.609375 0.403125 0.0625 0.11041666666666666
1 0.41484374999999996 0.6333333333333333 0.0890625 0.1
1 0.12656250000000002 0.521875 0.053125 0.13541666666666666
1 0.14687499999999998 0.075 0.0875 0.11666666666666667
1 0.07890624999999996 0.09895833333333333 0.0796875 0.13958333333333334
1 0.92890625 0.653125 0.0734375 0.10625
0 0.7640625 0.6895833333333333 0.125 0.09583333333333334
1 0.384375 0.4375 0.071875 0.17083333333333334
