0 0.20509375 0.3150833333333333 0.08145312499999999 0.1668541666666667
0 0.22509375 0.5634374999999999 0.10893750000000002 0.13645833333333332
0 0.515859375 0.7576458333333334 0.07482812499999998 0.13531250000000009
1 0.110109375 0.12964583333333332 0.09146874999999999 0.08760416666666666
1 0.068859375 0.2006875 0.10896874999999999 0.07554166666666665
1 0.038859375 0.31612500000000004 0.061484375 0.13141666666666663
1 0.427578125 0.4484375 0.11390624999999996 0.08354166666666671
1 0.894890625 0.40677083333333336 0.11414062499999993 0.0835208333333334
1 0.9270625000000001 0.3077916666666667 0.097265625 0.0980833333333333
1 0.809109375 0.6638750000000001 0.07071874999999998 0.14393750000000008
1 0.8928593749999999 0.6328125 0.06320312500000007 0.13518749999999996
1 0.5367968750000001 0.625125 0.07295312499999991 0.12027083333333337
1 0.593984375 0.6665833333333333 0.056421875000000024 0.14268750000000002
1 0.6656875 0.621375 0.10985937500000009 0.09560416666666664
1 0.680375 0.697 0.08673437499999999 0.10683333333333328
1 0.2724375 0.30047916666666663 0.10674999999999998 0.087375
1 0.100734375 0.5367708333333333 0.08521874999999998 0.08979166666666671
1 0.10714062499999999 0.650125 0.09490625000000001 0.09641666666666661
1 0.29134375 0.6816041666666667 0.10393749999999997 0.07068749999999989
0 0.40335937499999996 0.7153541666666666 0.08735937499999995 0.1132083333333334