0 0.0765625 0.3510416666666667 0.065625 0.16875
0 0.0953125 0.5135416666666667 0.08125 0.16041666666666668
0 0.6625 0.55625 0.11875 0.0875
0 0.5171875 0.3604166666666667 0.128125 0.0875
1 0.5453125 0.8 0.1 0.06666666666666667
1 0.21015625 0.6385416666666667 0.0671875 0.13958333333333334
1 0.290625 0.4770833333333333 0.090625 0.09166666666666666
1 0.196875 0.4135416666666667 0.075 0.11458333333333333
1 0.42734375 0.459375 0.0890625 0.08541666666666667
1 0.5796875 0.44062500000000004 0.103125 0.07708333333333334
1 0.7234375 0.5333333333333333 0.065625 0.13333333333333333
1 0.809375 0.590625 0.1 0.09791666666666667
1 0.88671875 0.5125 0.0484375 0.14166666666666666
1 0.81953125 0.4395833333333333 0.1046875 0.0625
1 0.74296875 0.3458333333333333 0.0546875 0.12916666666666668
1 0.690625 0.30729166666666663 0.075 0.10625
1 0.49921875 0.26145833333333335 0.0734375 0.08958333333333333
1 0.4078125 0.34062499999999996 0.0875 0.09375
1 0.290625 0.34687500000000004 0.065625 0.13958333333333334
1 0.31640625 0.2822916666666667 0.0859375 0.11041666666666666
1 0.59140625 0.6260416666666666 0.1015625 0.08541666666666667
1 0.859375 0.3520833333333333 0.0875 0.125
1 0.940625 0.3291666666666667 0.0875 0.125
1 0.02578125 0.4291666666666667 0.0515625 0.125
1 0.15390625 0.35624999999999996 0.0640625 0.12083333333333333
1 0.54765625 0.6770833333333333 0.1046875 0.058333333333333334
