0 0.6759999999999999 0.7072083333333333 0.129484375 0.10725000000000004
0 0.47273437500000004 0.5940624999999999 0.07609375000000007 0.15437500000000004
0 0.446484375 0.4105 0.06109375000000004 0.16735416666666664
0 0.39632812500000003 0.6151041666666667 0.06392187500000004 0.1664583333333333
1 0.491796875 0.22360416666666666 0.07046875000000004 0.1297291666666667
1 0.526484375 0.3483958333333333 0.06640625 0.11652083333333335
1 0.66834375 0.43966666666666665 0.10767187499999994 0.07564583333333334
1 0.553203125 0.4638541666666667 0.07764062499999991 0.08937499999999995
1 0.595234375 0.5676041666666667 0.09142187499999999 0.09479166666666666
1 0.64740625 0.5198958333333333 0.10579687500000005 0.1027083333333333
1 0.74521875 0.47279166666666667 0.05393749999999997 0.15524999999999997
1 0.9042656250000001 0.5936666666666667 0.09539062499999992 0.10316666666666663
1 0.925828125 0.7318125 0.05726562500000014 0.13362499999999997
1 0.207765625 0.5678125 0.10384374999999997 0.06518749999999993
1 0.10198437499999999 0.542 0.08771875000000001 0.09981249999999993
1 0.046515625000000005 0.6519999999999999 0.06115625 0.1301875
1 0.21306250000000002 0.07795833333333334 0.10051562499999997 0.08243749999999998
1 0.43931250000000005 0.050854166666666666 0.09701562500000005 0.0949375
1 0.33384375 0.5323958333333334 0.04642187499999997 0.1443958333333334
1 0.272125 0.4840625 0.05010937499999999 0.12564583333333335
1 0.16370312499999998 0.6378333333333334 0.10176562499999997 0.07485416666666657
1 0.24714062499999997 0.7059583333333334 0.062609375 0.13475000000000012
1 0.29790625 0.6678333333333334 0.04918750000000003 0.13183333333333327