0 0.21328125 0.3989583333333333 0.0984375 0.14375
1 0.14609375 0.47916666666666663 0.0484375 0.1375
1 0.16875 0.7864583333333334 0.05625 0.12708333333333333
1 0.3375 0.5270833333333333 0.0625 0.1375
1 0.41875 0.5125 0.103125 0.06666666666666667
1 0.6046875 0.4541666666666667 0.071875 0.13333333333333333
1 0.571875 0.2791666666666667 0.046875 0.16666666666666666
1 0.6734375 0.31562500000000004 0.084375 0.11458333333333333
1 0.83125 0.3427083333333333 0.04375 0.15208333333333332
1 0.85625 0.5135416666666667 0.075 0.12291666666666666
1 0.96015625 0.5729166666666667 0.0640625 0.125
1 0.0234375 0.6677083333333333 0.046875 0.13125
