0 0.78671875 0.3989583333333333 0.0984375 0.14375
1 0.85390625 0.47916666666666663 0.0484375 0.1375
1 0.83125 0.7864583333333334 0.05625 0.12708333333333333
1 0.6625 0.5270833333333333 0.0625 0.1375
1 0.58125 0.5125 0.103125 0.06666666666666667
1 0.39531249999999996 0.4541666666666667 0.071875 0.13333333333333333
1 0.428125 0.2791666666666667 0.046875 0.16666666666666666
1 0.3265625 0.31562500000000004 0.084375 0.11458333333333333
1 0.16874999999999996 0.3427083333333333 0.04375 0.15208333333333332
1 0.14375000000000004 0.5135416666666667 0.075 0.12291666666666666
1 0.039843749999999956 0.5729166666666667 0.0640625 0.125
1 0.9765625 0.6677083333333333 0.046875 0.13125
