0 0.794734375 0.5165833333333334 0.12946874999999994 0.12397916666666671
0 0.54365625 0.5778333333333333 0.11170312500000001 0.12150000000000004
0 0.37492187499999996 0.07312500000000001 0.06173437499999999 0.14625000000000002
0 0.7477031249999999 0.6530625000000001 0.11354687500000002 0.11777083333333328
1 0.854109375 0.4171875 0.08571874999999984 0.12937500000000005
1 0.18509375 0.145875 0.10395312500000001 0.08824999999999998
1 0.25103125 0.2583958333333333 0.05792187499999999 0.129875
1 0.411796875 0.4284375 0.04798437500000001 0.14354166666666673
1 0.279625 0.44614583333333335 0.05237499999999997 0.1414583333333334
1 0.34900000000000003 0.46425 0.083875 0.10147916666666662
1 0.156515625 0.3446666666666667 0.09384374999999998 0.0823541666666666
1 0.048593750000000005 0.2248541666666667 0.09718750000000001 0.07614583333333336
1 0.462109375 0.6338541666666667 0.07984375000000003 0.13727083333333331
0 0.69584375 0.7272291666666667 0.07231249999999996 0.09945833333333336
1 0.115109375 0.5859583333333334 0.11395312500000002 0.09191666666666667
1 0.103859375 0.5098958333333333 0.11646875000000004 0.060645833333333364
1 0.18620312499999997 0.4592708333333333 0.06571874999999998 0.15522916666666664
1 0.120109375 0.7149375 0.05103124999999999 0.15404166666666655
1 0.07245312499999998 0.6591041666666667 0.05678124999999999 0.1256875000000001
1 0.6150781249999999 0.6399375 0.06110937500000002 0.13735416666666656
1 0.8177031250000001 0.6443125 0.09103124999999998 0.12527083333333333
1 0.915203125 0.6901458333333333 0.04851562499999993 0.15029166666666663