0 0.7953125 0.6854166666666667 0.08125 0.16666666666666666
0 0.77578125 0.4375 0.1078125 0.1375
0 0.484375 0.2427083333333333 0.075 0.13541666666666666
1 0.890625 0.8708333333333333 0.090625 0.0875
1 0.93203125 0.8 0.1078125 0.075
1 0.96171875 0.684375 0.0609375 0.13125
1 0.57265625 0.5520833333333333 0.1140625 0.08333333333333333
1 0.10546875 0.59375 0.1140625 0.08333333333333333
1 0.07343750000000004 0.6927083333333333 0.096875 0.09791666666666667
1 0.19140625 0.3364583333333333 0.0703125 0.14375
1 0.10781249999999998 0.3677083333333333 0.0625 0.13541666666666666
1 0.46406250000000004 0.3760416666666667 0.071875 0.11875
1 0.40625 0.334375 0.05625 0.14375
1 0.33515625000000004 0.37916666666666665 0.1109375 0.09583333333333334
1 0.3203125 0.3041666666666667 0.0875 0.10833333333333334
1 0.728125 0.7 0.10625 0.0875
1 0.9 0.46354166666666663 0.084375 0.08958333333333333
1 0.89375 0.3510416666666667 0.09375 0.09791666666666667
1 0.709375 0.31875 0.103125 0.07083333333333333
0 0.596875 0.28541666666666665 0.0875 0.1125
