0 0.8031874999999999 0.5976041666666667 0.059890624999999975 0.16812500000000002
0 0.8608281249999999 0.6757500000000001 0.08978125000000006 0.10766666666666656
0 0.39273437499999997 0.7413958333333334 0.07860937500000001 0.12779166666666672
1 0.23118750000000002 0.5434583333333334 0.09924999999999999 0.07356249999999995
1 0.42085937500000004 0.4896875 0.10984374999999998 0.07564583333333334
1 0.65834375 0.40070833333333333 0.09731249999999995 0.05774999999999994
1 0.900828125 0.1579583333333333 0.08226562500000015 0.10574999999999998
1 0.70428125 0.6215625 0.08292187500000008 0.11602083333333345
1 0.64115625 0.6651458333333333 0.08168749999999995 0.11693749999999999
1 0.7519218750000001 0.69575 0.1001093749999999 0.06766666666666671
1 0.427265625 0.6668125 0.044546874999999986 0.13693750000000005
1 0.29025 0.6984791666666667 0.098625 0.10029166666666664