0 0.67578125 0.29374999999999996 0.1296875 0.10833333333333334
0 0.471875 0.40625 0.075 0.15416666666666667
0 0.44609375 0.590625 0.0609375 0.16875
0 0.39609375 0.38541666666666663 0.0640625 0.16666666666666666
1 0.49140625 0.7770833333333333 0.0703125 0.12916666666666668
1 0.52578125 0.6520833333333333 0.0671875 0.11666666666666667
1 0.66796875 0.5614583333333334 0.1078125 0.07708333333333334
1 0.55234375 0.5364583333333333 0.0765625 0.08958333333333333
1 0.59453125 0.43333333333333335 0.0921875 0.09583333333333334
1 0.646875 0.48124999999999996 0.10625 0.10416666666666667
1 0.74453125 0.528125 0.0546875 0.15625
1 0.90390625 0.4072916666666667 0.0953125 0.10208333333333333
1 0.925 0.26875000000000004 0.05625 0.13333333333333333
1 0.20703125 0.43333333333333335 0.1046875 0.06666666666666667
1 0.1015625 0.45833333333333337 0.0875 0.1
1 0.04609375 0.34895833333333337 0.0609375 0.13125
1 0.2125 0.9229166666666666 0.1 0.08333333333333333
1 0.4390625 0.95 0.096875 0.09583333333333334
1 0.3328125 0.46875 0.046875 0.14583333333333334
1 0.271875 0.5166666666666666 0.05 0.125
1 0.16328125 0.36250000000000004 0.1015625 0.075
1 0.246875 0.2947916666666667 0.0625 0.13541666666666666
1 0.296875 0.33333333333333337 0.05 0.13333333333333333
