0 0.16214062499999998 0.46802083333333333 0.067390625 0.16439583333333338
0 0.500078125 0.6301249999999999 0.10889062499999991 0.09693749999999994
0 0.6402187500000001 0.6817916666666667 0.11106250000000006 0.11641666666666665
0 0.04546875 0.6342916666666666 0.0909375 0.07810416666666668
1 0.436015625 0.2981875 0.08703125000000003 0.11279166666666664
1 0.54521875 0.2944375 0.09607812500000001 0.07862500000000001
1 0.547890625 0.2038125 0.07326562499999997 0.10262499999999998
1 0.66584375 0.40281249999999996 0.07481249999999999 0.12143750000000005
1 0.7417812500000001 0.5836666666666667 0.04542187500000008 0.13316666666666663
1 0.787859375 0.6772083333333333 0.05323437499999999 0.1339166666666666
1 0.8717656249999999 0.17297916666666666 0.10539062500000007 0.07429166666666666
1 0.9514374999999999 0.26964583333333336 0.05851562500000007 0.13237500000000002
1 0.9525 0.4909375 0.09499999999999993 0.06854166666666663
1 0.113234375 0.5134583333333335 0.08521874999999998 0.1302291666666667
1 0.044640625 0.49154166666666665 0.044921875 0.1260625
1 0.25182812499999996 0.4159375 0.09698437499999998 0.08518749999999997
1 0.2915 0.637625 0.06362500000000004 0.12143749999999992
1 0.40570312499999994 0.603875 0.07017187499999995 0.1027500000000001
1 0.10292187500000001 0.0554375 0.10414062500000001 0.0774375