0 0.20546874999999998 0.484375 0.1296875 0.12291666666666666
0 0.45703125 0.4229166666666667 0.1109375 0.12083333333333333
0 0.62578125 0.9270833333333334 0.0609375 0.14583333333333334
0 0.25312500000000004 0.34791666666666665 0.1125 0.11666666666666667
1 0.14609375000000002 0.5833333333333333 0.0859375 0.12916666666666668
1 0.815625 0.8552083333333333 0.103125 0.08958333333333333
1 0.74921875 0.7427083333333333 0.0578125 0.13125
1 0.5890625 0.571875 0.046875 0.14375
1 0.72109375 0.5541666666666667 0.0515625 0.14166666666666666
1 0.6515625 0.5364583333333333 0.084375 0.10208333333333333
1 0.84375 0.65625 0.09375 0.08333333333333333
1 0.9515625 0.7760416666666666 0.096875 0.07708333333333334
1 0.53828125 0.3666666666666667 0.0796875 0.1375
0 0.3046875 0.2739583333333333 0.071875 0.09791666666666667
1 0.88515625 0.4145833333333333 0.1140625 0.09166666666666666
1 0.896875 0.490625 0.115625 0.06041666666666667
1 0.8140625 0.5416666666666667 0.065625 0.15416666666666667
1 0.88046875 0.28541666666666665 0.0515625 0.15416666666666667
1 0.928125 0.3416666666666667 0.05625 0.125
1 0.38515625 0.3604166666666667 0.0609375 0.1375
1 0.18281250000000004 0.35624999999999996 0.090625 0.125
1 0.08515625000000004 0.3104166666666667 0.0484375 0.15
