0 0.5685 0.3746875 0.06451562499999994 0.19437500000000002
0 0.812546875 0.6859583333333333 0.12134375000000004 0.10808333333333332
0 0.34587500000000004 0.7518125 0.072359375 0.15697916666666673
1 0.396796875 0.3859375 0.06798437499999999 0.12518750000000006
1 0.29446875 0.3888333333333333 0.09768749999999997 0.056020833333333304
1 0.18228125 0.5674166666666667 0.07957812500000001 0.1256666666666667
1 0.063859375 0.6968125000000001 0.048968750000000005 0.16362499999999994
1 0.145890625 0.6749166666666666 0.09009375 0.0926666666666667
1 0.344 0.6467916666666667 0.09360937500000004 0.08027083333333328
1 0.458359375 0.5417916666666667 0.07234374999999993 0.12025000000000005
1 0.49507812500000004 0.4630208333333333 0.04890624999999993 0.13770833333333338
1 0.35884375 0.47445833333333337 0.05142187500000004 0.1352291666666666
1 0.2093125 0.41343749999999996 0.09301562500000002 0.13020833333333334
1 0.8006718749999999 0.20777083333333335 0.09759375000000006 0.09804166666666667
1 0.800828125 0.095875 0.10728125000000004 0.07843749999999998
1 0.898796875 0.3311041666666667 0.08132812499999993 0.13860416666666664
1 0.791453125 0.6017708333333334 0.07603125000000004 0.11643749999999997
1 0.9508125 0.7255625 0.06976562500000014 0.11279166666666664
1 0.5135156249999999 0.6197083333333333 0.09201562499999998 0.06774999999999996
1 0.59709375 0.6234375 0.06232812499999998 0.13310416666666663
1 0.647875 0.6753541666666667 0.05173437500000002 0.1332083333333332
1 0.438359375 0.7070208333333333 0.04484375000000007 0.1132083333333334