0 0.19765624999999998 0.40312499999999996 0.0609375 0.16875
0 0.13984375000000004 0.32499999999999996 0.0890625 0.10833333333333334
0 0.6078125 0.259375 0.078125 0.12708333333333333
1 0.76953125 0.45729166666666665 0.0984375 0.07291666666666667
1 0.5796875 0.5114583333333333 0.109375 0.07708333333333334
1 0.3421875 0.6 0.096875 0.058333333333333334
1 0.09999999999999998 0.8427083333333334 0.08125 0.10625
1 0.29609375000000004 0.37916666666666665 0.0828125 0.11666666666666667
1 0.359375 0.3354166666666667 0.08125 0.11666666666666667
1 0.24843749999999998 0.3052083333333333 0.1 0.06875
1 0.5734375 0.334375 0.04375 0.13541666666666666
1 0.71015625 0.30208333333333337 0.0984375 0.1
