0 0.48046875 0.6135416666666667 0.0765625 0.16041666666666668
0 0.9421875 0.346875 0.059375 0.15625
0 0.87421875 0.23541666666666666 0.1296875 0.1125
0 0.8046875 0.40625 0.103125 0.125
0 0.67421875 0.30625 0.1015625 0.125
0 0.58046875 0.06145833333333333 0.0796875 0.12291666666666666
0 0.62109375 0.6916666666666667 0.1015625 0.125
0 0.38593750000000004 0.6510416666666666 0.078125 0.14791666666666667
1 0.74140625 0.07083333333333333 0.0953125 0.075
1 0.5375 0.17708333333333334 0.053125 0.125
1 0.49687499999999996 0.38333333333333336 0.09375 0.06666666666666667
1 0.83359375 0.5052083333333334 0.0484375 0.13541666666666666
1 0.73671875 0.6677083333333333 0.0953125 0.09375
1 0.5375 0.559375 0.04375 0.12291666666666666
1 0.27421874999999996 0.7114583333333333 0.0453125 0.12708333333333333
1 0.19453125000000004 0.7177083333333333 0.0453125 0.13125
1 0.07890624999999996 0.6302083333333334 0.0515625 0.15208333333333332
1 0.09921875000000002 0.7729166666666667 0.0984375 0.058333333333333334
1 0.6078125 0.7864583333333334 0.115625 0.05625
1 0.8875 0.7291666666666666 0.05625 0.1
1 0.8109375 0.7291666666666666 0.059375 0.09166666666666666
1 0.55078125 0.6520833333333333 0.0921875 0.09583333333333334
1 0.04531249999999998 0.7083333333333334 0.090625 0.07083333333333333
