0 0.20651562499999998 0.6509583333333333 0.09384375 0.12810416666666669
0 0.132921875 0.43427083333333333 0.09332812499999998 0.13854166666666667
0 0.21228125000000003 0.3450833333333333 0.10207812499999998 0.1435208333333333
0 0.7056875 0.41010416666666666 0.120109375 0.17354166666666668
0 0.80646875 0.715125 0.1314531249999999 0.09974999999999999
0 0.558203125 0.5973958333333333 0.08734374999999997 0.1310416666666666
1 0.231046875 0.5267708333333333 0.047921875000000023 0.14314583333333328
1 0.29696875 0.2858958333333333 0.04731249999999996 0.15820833333333334
1 0.42478125 0.17920833333333333 0.11045312500000004 0.07156249999999999
1 0.34915625 0.24256250000000001 0.07579687499999999 0.14489583333333336
1 0.6694375 0.08754166666666667 0.08512500000000003 0.11177083333333332
1 0.946125 0.2006875 0.07914062500000014 0.10887499999999999
1 0.7903749999999998 0.4688541666666667 0.06676562499999994 0.13272916666666668
1 0.8295781249999999 0.5528125 0.05228125000000006 0.1285416666666667
1 0.9120781250000001 0.5071875 0.07976562499999992 0.09064583333333331
1 0.7169375 0.5976041666666667 0.10510937499999998 0.06810416666666678
1 0.37775 0.656375 0.03889062499999998 0.14227083333333326
1 0.29821875000000003 0.602625 0.052312500000000026 0.13524999999999993
1 0.11260937499999998 0.6240833333333333 0.09646875000000002 0.07233333333333339
1 0.467890625 0.667 0.08828125 0.08350000000000009
1 0.525390625 0.7011666666666667 0.04671874999999996 0.13183333333333327
1 0.958 0.6628541666666667 0.05289062499999986 0.14152083333333323
1 0.6535 0.7278541666666667 0.10298437499999995 0.07154166666666674
1 0.37634375000000003 0.901 0.13356250000000003 0.07135416666666666
1 0.325875 0.7984791666666666 0.09512499999999999 0.053041666666666744