0 0.68959375 0.6855625 0.12229687499999997 0.14945833333333336
1 0.381796875 0.46802083333333333 0.087984375 0.13106250000000005
1 0.46945312499999997 0.4684375 0.08515625 0.10687500000000003
1 0.12151562499999999 0.40070833333333333 0.098640625 0.10774999999999994
1 0.121828125 0.20339583333333333 0.06803124999999999 0.12681250000000002
1 0.427578125 0.24339583333333334 0.10890625000000002 0.07347916666666669
1 0.8066093750000001 0.08129166666666668 0.09071874999999992 0.12427083333333332
1 0.9231718750000001 0.2931875 0.080078125 0.13945833333333332
1 0.796921875 0.6447291666666667 0.05260937500000003 0.15110416666666662
1 0.893953125 0.7434791666666667 0.09351562499999985 0.1069583333333334
1 0.529765625 0.6834583333333334 0.0745156249999999 0.12974999999999995
1 0.152765625 0.6888958333333334 0.06114062499999999 0.1394583333333332