0 0.16171875 0.5322916666666666 0.0671875 0.16458333333333333
0 0.49921875 0.37083333333333335 0.1078125 0.09583333333333334
0 0.63984375 0.31875 0.1109375 0.11666666666666667
0 0.0453125 0.3666666666666667 0.090625 0.07916666666666666
1 0.43515625 0.7020833333333334 0.0859375 0.1125
1 0.54453125 0.70625 0.0953125 0.07916666666666666
1 0.54765625 0.796875 0.0734375 0.10208333333333333
1 0.665625 0.5979166666666667 0.075 0.12083333333333333
1 0.74140625 0.41666666666666663 0.0453125 0.13333333333333333
1 0.7875 0.32395833333333335 0.053125 0.13541666666666666
1 0.87109375 0.828125 0.1046875 0.07291666666666667
1 0.95078125 0.73125 0.0578125 0.13333333333333333
1 0.95234375 0.509375 0.0953125 0.06875
1 0.1125 0.48750000000000004 0.084375 0.12916666666666668
1 0.04375 0.509375 0.04375 0.12708333333333333
1 0.2515625 0.584375 0.096875 0.08541666666666667
1 0.290625 0.36354166666666665 0.0625 0.12291666666666666
1 0.40546875 0.396875 0.0703125 0.10208333333333333
1 0.10234375 0.9447916666666667 0.1046875 0.07708333333333334
