0 0.9539375 0.5776249999999999 0.07601562500000014 0.15858333333333335
0 0.887703125 0.7015833333333333 0.13101562499999986 0.106
1 0.33337500000000003 0.3751041666666667 0.04737499999999999 0.13685416666666667
1 0.376171875 0.47572916666666665 0.07673437500000002 0.09229166666666669
1 0.47210937499999994 0.4715625 0.06234374999999996 0.13397916666666668
1 0.528671875 0.5936666666666667 0.056703124999999945 0.13649999999999995
1 0.515234375 0.6784791666666667 0.06109375000000004 0.1269583333333332
1 0.737078125 0.43383333333333335 0.1047968749999999 0.08733333333333336
1 0.843328125 0.3292291666666667 0.09228124999999991 0.08818749999999996
1 0.937078125 0.3342291666666667 0.07021875000000008 0.12818749999999995
1 0.04340625 0.5107291666666666 0.057578124999999994 0.12106249999999998
1 0.2330625 0.6903541666666667 0.06550000000000003 0.12987500000000007
1 0.31478125 0.6284583333333333 0.06956249999999997 0.1269374999999999
1 0.405078125 0.5490625 0.09390625000000004 0.09437499999999996
1 0.6038125 0.710125 0.07887500000000003 0.10974999999999989
1 0.766140625 0.6572083333333333 0.11417187500000008 0.07610416666666661
1 0.851609375 0.5667916666666667 0.09426562499999988 0.12025000000000005
1 0.8889531249999999 0.7726458333333334 0.10851562500000007 0.0680416666666666
1 0.28478125 0.25175000000000003 0.0720625 0.10681249999999999
1 0.18837500000000001 0.05229166666666667 0.06989062500000001 0.10458333333333333