0 0.43203125 0.37395833333333334 0.0640625 0.19375
0 0.18828124999999996 0.6854166666666667 0.1203125 0.10833333333333334
0 0.6546875 0.7510416666666667 0.071875 0.15625
1 0.60390625 0.3854166666666667 0.0671875 0.125
1 0.70625 0.3885416666666667 0.096875 0.05625
1 0.81796875 0.5666666666666667 0.0796875 0.125
1 0.93671875 0.6958333333333333 0.0484375 0.1625
1 0.8546875 0.6739583333333333 0.090625 0.09375
1 0.65625 0.6458333333333334 0.09375 0.07916666666666666
1 0.5421875 0.540625 0.071875 0.11875
1 0.50546875 0.4625 0.0484375 0.1375
1 0.64140625 0.4739583333333333 0.0515625 0.13541666666666666
1 0.79140625 0.4125 0.0921875 0.12916666666666668
1 0.19999999999999996 0.20729166666666668 0.096875 0.09791666666666667
1 0.19999999999999996 0.09479166666666666 0.10625 0.07708333333333334
1 0.1015625 0.3302083333333333 0.08125 0.13958333333333334
1 0.20937499999999998 0.6 0.075 0.11666666666666667
1 0.050000000000000044 0.725 0.06875 0.1125
1 0.48671875 0.61875 0.0921875 0.06666666666666667
1 0.40312499999999996 0.6229166666666667 0.0625 0.13333333333333333
1 0.35234374999999996 0.675 0.0515625 0.13333333333333333
1 0.5625 0.70625 0.04375 0.1125
