0 0.56796875 0.6260416666666666 0.0640625 0.19375
0 0.81171875 0.3145833333333333 0.1203125 0.10833333333333334
0 0.3453125 0.24895833333333328 0.071875 0.15625
1 0.39609375 0.6145833333333333 0.0671875 0.125
1 0.29375 0.6114583333333333 0.096875 0.05625
1 0.18203125 0.43333333333333335 0.0796875 0.125
1 0.06328125 0.3041666666666667 0.0484375 0.1625
1 0.1453125 0.3260416666666667 0.090625 0.09375
1 0.34375 0.35416666666666663 0.09375 0.07916666666666666
1 0.4578125 0.459375 0.071875 0.11875
1 0.49453125 0.5375 0.0484375 0.1375
1 0.35859375 0.5260416666666667 0.0515625 0.13541666666666666
1 0.20859375 0.5875 0.0921875 0.12916666666666668
1 0.8 0.7927083333333333 0.096875 0.09791666666666667
1 0.8 0.9052083333333334 0.10625 0.07708333333333334
1 0.8984375 0.6697916666666667 0.08125 0.13958333333333334
1 0.790625 0.4 0.075 0.11666666666666667
1 0.95 0.275 0.06875 0.1125
1 0.51328125 0.38125 0.0921875 0.06666666666666667
1 0.596875 0.3770833333333333 0.0625 0.13333333333333333
1 0.64765625 0.32499999999999996 0.0515625 0.13333333333333333
1 0.4375 0.29374999999999996 0.04375 0.1125
