0 0.17196875 0.6651458333333333 0.11520312500000003 0.11693749999999999
0 0.57115625 0.6651458333333333 0.07670312500000005 0.16029166666666678
1 0.778328125 0.2688125 0.08729687499999991 0.13404166666666664
1 0.10198437499999999 0.5486666666666667 0.10021875000000002 0.07981249999999994
1 0.23493750000000002 0.43239583333333337 0.10674999999999998 0.10562499999999998
1 0.31540625 0.321125 0.08331249999999998 0.10808333333333332
1 0.32290625 0.45029166666666665 0.06418749999999998 0.13358333333333333
1 0.3899375 0.4451041666666667 0.05826562499999999 0.12687499999999996
1 0.485546875 0.44072916666666667 0.08296875000000004 0.12229166666666665
1 0.67084375 0.650125 0.08481249999999996 0.09641666666666661
1 0.915046875 0.5217708333333333 0.10132812499999985 0.08645833333333333
1 0.8977031249999999 0.63825 0.10101562500000014 0.10068750000000008
1 0.24915625000000002 0.7093125 0.049171874999999955 0.15529166666666658
1 0.33025000000000004 0.650125 0.091109375 0.1036041666666667
1 0.200875 0.5828333333333333 0.08239062500000001 0.09816666666666668
1 0.262765625 0.5209375 0.093859375 0.07856250000000002
1 0.5057031249999999 0.6684791666666666 0.07015624999999996 0.10693750000000009
1 0.083859375 0.7076458333333334 0.08896875 0.08529166666666654
1 0.7895937499999999 0.7361875 0.09020312499999994 0.07154166666666674