0 0.79375 0.65 0.09375 0.12916666666666668
0 0.86796875 0.43333333333333335 0.0921875 0.1375
0 0.78828125 0.34479166666666666 0.1015625 0.14375
0 0.29453125 0.409375 0.1203125 0.17291666666666666
0 0.19374999999999998 0.7145833333333333 0.13125 0.1
0 0.44218749999999996 0.596875 0.0875 0.13125
1 0.76953125 0.5260416666666666 0.0484375 0.14375
1 0.70390625 0.28541666666666665 0.0484375 0.15833333333333333
1 0.57578125 0.178125 0.1109375 0.07291666666666667
1 0.6515625 0.24166666666666667 0.075 0.14583333333333334
1 0.33125000000000004 0.08645833333333333 0.084375 0.11041666666666666
1 0.0546875 0.2 0.078125 0.10833333333333334
1 0.21015625000000004 0.46770833333333334 0.0671875 0.13125
1 0.17109375000000004 0.5520833333333334 0.0515625 0.12916666666666668
1 0.08828124999999998 0.50625 0.0796875 0.09166666666666666
1 0.28359375 0.596875 0.1046875 0.06875
1 0.62265625 0.6552083333333333 0.0390625 0.14375
1 0.70234375 0.6010416666666667 0.0515625 0.13541666666666666
1 0.88828125 0.6229166666666667 0.0953125 0.07083333333333333
1 0.5328125 0.6666666666666666 0.0875 0.08333333333333333
1 0.475 0.7 0.046875 0.13333333333333333
1 0.042187500000000044 0.6625 0.053125 0.14166666666666666
1 0.34687500000000004 0.7270833333333333 0.103125 0.07083333333333333
1 0.62421875 0.9 0.1328125 0.07083333333333333
1 0.67421875 0.7979166666666667 0.0953125 0.05416666666666667
