1 0.855046875 0.15339583333333331 0.10634374999999992 0.09345833333333335
0 0.41507812499999996 0.36343749999999997 0.08890624999999996 0.14685416666666667
1 0.504765625 0.35841666666666666 0.10046874999999993 0.07985416666666663
1 0.2243125 0.3734375 0.09800000000000002 0.11685416666666673
1 0.40132812500000004 0.473625 0.04892187499999996 0.1235625
1 0.515703125 0.6628541666666667 0.06514062499999991 0.12485416666666656
1 0.636 0.6851458333333333 0.04949999999999992 0.12362500000000007
1 0.468359375 0.7380416666666666 0.05484375000000004 0.14558333333333331
1 0.2415 0.5932499999999999 0.08862500000000002 0.09400000000000001
1 0.120890625 0.6286666666666666 0.10989062499999998 0.07316666666666667
1 0.24228125 0.7109791666666666 0.05042187499999997 0.12529166666666663
1 0.66584375 0.7736875 0.1123125 0.07012499999999994