0 0.6890625 0.31562500000000004 0.121875 0.14791666666666667
1 0.38125 0.5322916666666666 0.0875 0.13125
1 0.46875 0.5322916666666666 0.084375 0.10625
1 0.12109375 0.6 0.0984375 0.10833333333333334
1 0.12109375 0.796875 0.0671875 0.12708333333333333
1 0.4265625 0.7572916666666667 0.109375 0.07291666666666667
1 0.80625 0.9197916666666667 0.090625 0.12291666666666666
1 0.92265625 0.7072916666666667 0.0796875 0.13958333333333334
1 0.79609375 0.35624999999999996 0.0515625 0.15
1 0.89375 0.2572916666666667 0.09375 0.10625
1 0.52890625 0.31770833333333337 0.0734375 0.13125
1 0.15234375 0.3114583333333333 0.0609375 0.13958333333333334
