0 0.514140625 0.6899166666666667 0.1182656249999999 0.11266666666666675
1 0.49289062499999997 0.4138541666666667 0.10078125 0.10604166666666662
1 0.47976562500000003 0.15839583333333335 0.04953125000000007 0.13679166666666667
1 0.7512968750000001 0.2154791666666667 0.11135937500000007 0.07406250000000002
1 0.71584375 0.44133333333333336 0.07479687500000001 0.12233333333333327
1 0.159328125 0.42362500000000003 0.10551562500000003 0.10358333333333328
1 0.079953125 0.34027083333333336 0.059281249999999994 0.1536041666666667
1 0.32775 0.5607500000000001 0.04862500000000001 0.12899999999999998
1 0.32556250000000003 0.6584583333333334 0.100484375 0.08693750000000004
1 0.442734375 0.6834583333333334 0.06609374999999992 0.12974999999999995
1 0.6769375 0.712625 0.06262500000000007 0.1214166666666666
1 0.7709843749999999 0.7759791666666668 0.09448437499999995 0.07806250000000006
1 0.875359375 0.7822291666666668 0.09071874999999992 0.07387500000000008
1 0.857859375 0.7143125 0.09321875000000013 0.06529166666666673
1 0.8475468749999999 0.627625 0.05864062499999996 0.12527083333333333
1 0.06778125 0.643875 0.08382812499999999 0.10060416666666659
1 0.39132812499999997 0.4713541666666667 0.06642187499999999 0.12104166666666671
1 0.32243750000000004 0.45510416666666664 0.06924999999999999 0.11354166666666667
1 0.40242187500000004 0.6434791666666667 0.04173437500000001 0.12360416666666675
1 0.556171875 0.7622291666666666 0.049203125000000014 0.10281250000000004