0 0.046875 0.4229166666666667 0.075 0.15833333333333333
0 0.11250000000000004 0.2989583333333333 0.13125 0.10625
1 0.6671875 0.6260416666666666 0.046875 0.13541666666666666
1 0.62421875 0.525 0.0765625 0.09166666666666666
1 0.528125 0.5291666666666667 0.0625 0.13333333333333333
1 0.47187500000000004 0.4072916666666667 0.05625 0.13541666666666666
1 0.48515624999999996 0.321875 0.0609375 0.12708333333333333
1 0.26328125 0.5666666666666667 0.1046875 0.0875
1 0.15703124999999996 0.671875 0.0921875 0.08958333333333333
1 0.06328124999999996 0.6666666666666667 0.0703125 0.12916666666666668
1 0.95703125 0.48958333333333337 0.0578125 0.12083333333333333
1 0.7671875 0.3104166666666667 0.065625 0.12916666666666668
1 0.6859375 0.37187499999999996 0.06875 0.12708333333333333
1 0.5953125 0.4520833333333333 0.09375 0.09583333333333334
1 0.396875 0.290625 0.078125 0.11041666666666666
1 0.23515624999999996 0.34375 0.1140625 0.075
1 0.14921874999999996 0.43437499999999996 0.0953125 0.11875
1 0.11171874999999998 0.22812500000000002 0.1078125 0.06875
1 0.715625 0.7489583333333334 0.071875 0.10625
1 0.8125 0.9479166666666666 0.06875 0.10416666666666667
