0 0.953125 0.4229166666666667 0.075 0.15833333333333333
0 0.8875 0.2989583333333333 0.13125 0.10625
1 0.3328125 0.6260416666666666 0.046875 0.13541666666666666
1 0.37578125 0.525 0.0765625 0.09166666666666666
1 0.471875 0.5291666666666667 0.0625 0.13333333333333333
1 0.528125 0.4072916666666667 0.05625 0.13541666666666666
1 0.51484375 0.321875 0.0609375 0.12708333333333333
1 0.73671875 0.5666666666666667 0.1046875 0.0875
1 0.84296875 0.671875 0.0921875 0.08958333333333333
1 0.93671875 0.6666666666666667 0.0703125 0.12916666666666668
1 0.04296875 0.48958333333333337 0.0578125 0.12083333333333333
1 0.2328125 0.3104166666666667 0.065625 0.12916666666666668
1 0.3140625 0.37187499999999996 0.06875 0.12708333333333333
1 0.4046875 0.4520833333333333 0.09375 0.09583333333333334
1 0.603125 0.290625 0.078125 0.11041666666666666
1 0.76484375 0.34375 0.1140625 0.075
1 0.85078125 0.43437499999999996 0.0953125 0.11875
1 0.88828125 0.22812500000000002 0.1078125 0.06875
1 0.284375 0.7489583333333334 0.071875 0.10625
1 0.1875 0.9479166666666666 0.06875 0.10416666666666667
