0 0.524453125 0.4046666666666667 0.05764062499999998 0.1623541666666667
1 0.09901562499999998 0.6259583333333333 0.04115624999999999 0.15527083333333327
1 0.14260937499999998 0.6649166666666667 0.06895312499999999 0.12935416666666674
1 0.25290625 0.5253125 0.10831249999999999 0.06687499999999999
1 0.182765625 0.42322916666666666 0.05864062500000002 0.13729166666666673
1 0.098390625 0.47739583333333335 0.10240625000000003 0.09562499999999995
1 0.046515625000000005 0.35175 0.06115625 0.12352083333333337
1 0.36384375 0.6420208333333334 0.048921875000000004 0.14985416666666657
1 0.44476562499999994 0.58825 0.09203124999999997 0.0840000000000001
1 0.531484375 0.585125 0.04357812499999998 0.14024999999999993
1 0.485234375 0.702 0.07609375000000007 0.11350000000000003
1 0.63865625 0.6028333333333333 0.10168750000000007 0.0715000000000001
1 0.645375 0.5195000000000001 0.09324999999999992 0.10481249999999995
1 0.8006718749999999 0.6374166666666666 0.09759375000000006 0.11568749999999994
1 0.7987968750000001 0.7442916666666667 0.06884374999999991 0.1080625
1 0.649125 0.710125 0.05075000000000003 0.12641666666666657
1 0.68990625 0.7528333333333334 0.06668749999999993 0.11181249999999991
1 0.548046875 0.7530625000000001 0.05795312500000005 0.1178124999999999
1 0.24196875 0.7392916666666667 0.05518749999999999 0.1347291666666666
1 0.407734375 0.6869999999999999 0.04610937499999999 0.1435