0 0.82890625 0.3354166666666667 0.1140625 0.11666666666666667
0 0.4296875 0.3364583333333333 0.078125 0.16041666666666668
1 0.22187500000000004 0.7322916666666667 0.0875 0.13541666666666666
1 0.8984375 0.4520833333333333 0.1 0.07916666666666666
1 0.765625 0.56875 0.10625 0.10416666666666667
1 0.68515625 0.6791666666666667 0.0828125 0.10833333333333334
1 0.67734375 0.55 0.0640625 0.13333333333333333
1 0.6109375 0.5552083333333333 0.059375 0.12708333333333333
1 0.51484375 0.5604166666666667 0.0828125 0.12083333333333333
1 0.3296875 0.3510416666666667 0.084375 0.09791666666666667
1 0.08515625000000004 0.47916666666666663 0.1015625 0.0875
1 0.10312500000000002 0.36250000000000004 0.1 0.1
1 0.7515625 0.29166666666666663 0.05 0.15416666666666667
1 0.6703125 0.3510416666666667 0.090625 0.10208333333333333
1 0.8 0.41770833333333335 0.08125 0.09791666666666667
1 0.7375 0.48020833333333335 0.09375 0.07708333333333334
1 0.49453125 0.33229166666666665 0.0703125 0.10625
1 0.91640625 0.29270833333333335 0.0890625 0.08541666666666667
1 0.2109375 0.2645833333333333 0.090625 0.07083333333333333
