0 0.040265625000000006 0.3484375 0.07365625 0.1668541666666667
1 0.144796875 0.33675 0.10457812500000001 0.07318749999999999
1 0.21604687500000003 0.3950833333333333 0.065421875 0.13985416666666667
1 0.33040625 0.28527083333333336 0.10079687499999998 0.06362500000000001
1 0.389296875 0.4173958333333333 0.05298437500000004 0.14229166666666668
1 0.320875 0.41383333333333333 0.072375 0.11066666666666668
1 0.34290625 0.5251041666666667 0.04918750000000003 0.12981250000000005
1 0.284625 0.58825 0.09987500000000002 0.0840000000000001
1 0.16899999999999998 0.5705208333333334 0.10614062500000002 0.08062500000000003
1 0.085890625 0.6099166666666667 0.05240624999999999 0.11066666666666668
1 0.089171875 0.7224166666666666 0.06834375 0.11433333333333333
1 0.36150000000000004 0.7263958333333334 0.07860937499999995 0.1144583333333332
1 0.736625 0.6259583333333333 0.06323437500000004 0.1386041666666666
1 0.870203125 0.5188541666666667 0.08353125000000006 0.10062499999999996
1 0.907078125 0.6001041666666667 0.06976562500000014 0.12977083333333325
1 0.59646875 0.3796875 0.08607812500000005 0.10435416666666673
1 0.7200624999999999 0.7493125 0.04635937499999994 0.1486458333333334
1 0.6844375 0.7351458333333334 0.040124999999999925 0.14029166666666673
1 0.447734375 0.29654166666666665 0.06859374999999997 0.23393750000000005