1 0.8546875 0.846875 0.10625 0.09375
0 0.41484375 0.6375 0.0890625 0.14583333333333334
1 0.50390625 0.6427083333333333 0.1015625 0.08125
1 0.2234375 0.6270833333333333 0.096875 0.11666666666666667
1 0.40078125 0.528125 0.0484375 0.12291666666666666
1 0.51484375 0.3375 0.0640625 0.125
1 0.63515625 0.31562500000000004 0.0484375 0.12291666666666666
1 0.46796875 0.26249999999999996 0.0546875 0.14583333333333334
1 0.240625 0.4072916666666667 0.0875 0.09375
1 0.1203125 0.37187499999999996 0.109375 0.07291666666666667
1 0.24140625 0.2895833333333333 0.0515625 0.125
1 0.665625 0.2270833333333333 0.1125 0.07083333333333333
