1 0.14531249999999996 0.153125 0.10625 0.09375
0 0.58515625 0.3625 0.0890625 0.14583333333333334
1 0.49609375 0.3572916666666667 0.1015625 0.08125
1 0.7765625 0.3729166666666667 0.096875 0.11666666666666667
1 0.59921875 0.471875 0.0484375 0.12291666666666666
1 0.48515624999999996 0.6625 0.0640625 0.125
1 0.36484375 0.684375 0.0484375 0.12291666666666666
1 0.53203125 0.7375 0.0546875 0.14583333333333334
1 0.759375 0.5927083333333333 0.0875 0.09375
1 0.8796875 0.628125 0.109375 0.07291666666666667
1 0.75859375 0.7104166666666667 0.0515625 0.125
1 0.334375 0.7729166666666667 0.1125 0.07083333333333333
