0 0.430546875 0.6486875 0.06046875000000007 0.1631875000000001
1 0.22400000000000003 0.1983958333333333 0.07864062499999998 0.15014583333333328
1 0.319 0.1981875 0.09360937500000004 0.10387500000000002
1 0.30212500000000003 0.2642291666666666 0.09010937500000002 0.11820833333333332
1 0.047765625 0.135875 0.06365625 0.12491666666666669
1 0.23634375 0.3532083333333333 0.08143750000000001 0.1139375
1 0.22478125000000002 0.47925 0.052078124999999975 0.12147916666666667
1 0.3324375 0.5878333333333334 0.05173437500000002 0.1415
1 0.42992187499999995 0.5111458333333333 0.059218749999999966 0.12856249999999997
1 0.496484375 0.5586458333333333 0.07640624999999997 0.10020833333333339
1 0.494453125 0.665125 0.06484375 0.11641666666666665
1 0.7094375 0.15964583333333332 0.10987500000000008 0.08095833333333334
1 0.809578125 0.6205416666666667 0.07228124999999999 0.14943750000000003
1 0.72584375 0.6845208333333334 0.08229687499999994 0.11820833333333335
1 0.5856874999999999 0.7036874999999999 0.09264062499999995 0.10654166666666663
1 0.1693125 0.6401249999999999 0.10051562500000003 0.06641666666666665
1 0.08026562499999998 0.6642916666666667 0.09115625 0.0847499999999999
1 0.044187500000000005 0.7959791666666667 0.084140625 0.07137499999999998
1 0.34228125 0.7159791666666667 0.06204687499999997 0.11862499999999988
1 0.9208125 0.6080416666666667 0.097265625 0.07775000000000011
1 0.164640625 0.7336875 0.07239062499999997 0.08987499999999997