0 0.48671875 0.6895833333333333 0.1171875 0.1125
1 0.5078125 0.41354166666666664 0.1 0.10625
1 0.52109375 0.15729166666666666 0.0484375 0.13541666666666666
1 0.24921875000000004 0.21458333333333332 0.1109375 0.075
1 0.28437500000000004 0.440625 0.075 0.12291666666666666
1 0.84140625 0.42291666666666666 0.1046875 0.10416666666666667
1 0.9203125 0.33958333333333335 0.059375 0.15416666666666667
1 0.67265625 0.5604166666666667 0.0484375 0.12916666666666668
1 0.675 0.6572916666666667 0.1 0.08541666666666667
1 0.5578125 0.6822916666666666 0.065625 0.13125
1 0.32343750000000004 0.7114583333333333 0.0625 0.12291666666666666
1 0.22968750000000004 0.775 0.09375 0.07916666666666666
1 0.125 0.78125 0.090625 0.075
1 0.14296874999999998 0.7135416666666666 0.0921875 0.06458333333333334
1 0.15312499999999996 0.6270833333333333 0.059375 0.125
1 0.9328125 0.6427083333333333 0.084375 0.10208333333333333
1 0.609375 0.4708333333333333 0.065625 0.12083333333333333
1 0.678125 0.45416666666666666 0.06875 0.1125
1 0.5984375 0.6427083333333333 0.040625 0.12291666666666666
1 0.44453125000000004 0.7614583333333333 0.0484375 0.10208333333333333
