0 0.48671875 0.3104166666666667 0.1171875 0.1125
1 0.5078125 0.5864583333333333 0.1 0.10625
1 0.52109375 0.8427083333333334 0.0484375 0.13541666666666666
1 0.24921875000000004 0.7854166666666667 0.1109375 0.075
1 0.28437500000000004 0.559375 0.075 0.12291666666666666
1 0.84140625 0.5770833333333334 0.1046875 0.10416666666666667
1 0.9203125 0.6604166666666667 0.059375 0.15416666666666667
1 0.67265625 0.4395833333333333 0.0484375 0.12916666666666668
1 0.675 0.3427083333333333 0.1 0.08541666666666667
1 0.5578125 0.31770833333333337 0.065625 0.13125
1 0.32343750000000004 0.2885416666666667 0.0625 0.12291666666666666
1 0.22968750000000004 0.22499999999999998 0.09375 0.07916666666666666
1 0.125 0.21875 0.090625 0.075
1 0.14296874999999998 0.28645833333333337 0.0921875 0.06458333333333334
1 0.15312499999999996 0.3729166666666667 0.059375 0.125
1 0.9328125 0.3572916666666667 0.084375 0.10208333333333333
1 0.609375 0.5291666666666667 0.065625 0.12083333333333333
1 0.678125 0.5458333333333334 0.06875 0.1125
1 0.5984375 0.3572916666666667 0.040625 0.12291666666666666
1 0.44453125000000004 0.23854166666666665 0.0484375 0.10208333333333333
