1 0.039328125000000005 0.15110416666666668 0.05304687500000001 0.13470833333333332
1 0.31275 0.19485416666666666 0.09360937500000004 0.09720833333333333
1 0.485234375 0.3759375 0.08859375000000007 0.12185416666666668
1 0.7677031249999999 0.38552083333333337 0.05354687499999997 0.13268749999999999
1 0.830828125 0.5028125 0.09520312500000001 0.09522916666666663
1 0.7780156249999999 0.6092916666666667 0.11790624999999996 0.07191666666666663
1 0.534453125 0.6582708333333334 0.052640624999999906 0.14068749999999994
1 0.24525000000000002 0.46549999999999997 0.05862499999999997 0.12397916666666665
1 0.33228125 0.4625833333333333 0.06704687500000003 0.12147916666666667
0 0.3911875 0.5451041666666666 0.05576562500000004 0.1564583333333334
1 0.23931249999999998 0.612 0.06550000000000003 0.13985416666666667
1 0.154796875 0.641375 0.099578125 0.05558333333333323
1 0.327125 0.6626458333333333 0.072359375 0.1286041666666667
1 0.60584375 0.7528541666666667 0.10481250000000006 0.07154166666666674
1 0.109171875 0.7497291666666667 0.079140625 0.12781250000000005
1 0.086515625 0.6390833333333333 0.08382812499999999 0.10235416666666666
1 0.42117187500000003 0.7647291666666667 0.06171875 0.1078125
1 0.4386875 0.6611666666666667 0.07326562499999997 0.11183333333333323
1 0.9445625 0.6492916666666667 0.10726562500000014 0.06860416666666656
1 0.31446874999999996 0.5642916666666667 0.10017187500000002 0.06522916666666662