0 0.47578125000000004 0.4041666666666667 0.0578125 0.1625
1 0.9015625 0.625 0.040625 0.15416666666666667
1 0.8578125 0.6645833333333333 0.06875 0.12916666666666668
1 0.74765625 0.525 0.1078125 0.06666666666666667
1 0.81796875 0.42291666666666666 0.0578125 0.1375
1 0.90234375 0.47708333333333336 0.1015625 0.09583333333333334
1 0.95390625 0.35104166666666664 0.0609375 0.12291666666666666
1 0.63671875 0.6416666666666667 0.0484375 0.15
1 0.55546875 0.5875 0.0921875 0.08333333333333333
1 0.46875 0.584375 0.04375 0.13958333333333334
1 0.515625 0.7010416666666667 0.075 0.11458333333333333
1 0.36171875 0.6020833333333333 0.1015625 0.07083333333333333
1 0.35546875 0.51875 0.0921875 0.10416666666666667
1 0.19999999999999996 0.6364583333333333 0.096875 0.11458333333333333
1 0.20156249999999998 0.74375 0.06875 0.10833333333333334
1 0.3515625 0.709375 0.05 0.12708333333333333
1 0.3109375 0.7520833333333333 0.065625 0.1125
1 0.45234375000000004 0.7520833333333333 0.0578125 0.11666666666666667
1 0.75859375 0.7385416666666667 0.0546875 0.13541666666666666
1 0.59296875 0.6864583333333333 0.0453125 0.14375
