1 0.6597500000000001 0.44445833333333334 0.08450000000000006 0.09522916666666663
1 0.7609843749999999 0.5311666666666667 0.059484375000000075 0.1414791666666667
1 0.62271875 0.6428541666666666 0.05106249999999992 0.15152083333333338
1 0.527734375 0.6992916666666668 0.04857812500000005 0.13141666666666676
0 0.38601562500000003 0.47197916666666667 0.08204687499999999 0.15981250000000002
1 0.040109375 0.15047916666666666 0.051484375000000006 0.12929166666666667
1 0.31603125 0.19589583333333332 0.08454687500000002 0.09512499999999999
1 0.17620312500000002 0.3934375 0.051765625000000016 0.14018750000000005
1 0.079015625 0.2946666666666667 0.10115624999999999 0.101
1 0.08885937499999999 0.5542916666666666 0.04896874999999999 0.14525000000000005
1 0.19025000000000003 0.5384583333333333 0.09864062500000001 0.11356249999999998
1 0.2905625 0.5328333333333333 0.10698437499999995 0.0814791666666667
1 0.38601562500000003 0.6330625 0.04954687500000001 0.14443750000000008
1 0.7125625 0.7343125 0.04635937499999994 0.1553124999999999
1 0.867390625 0.7616041666666666 0.09665624999999985 0.08070833333333335
1 0.293375 0.6988958333333334 0.057624999999999996 0.1427916666666666
1 0.35681250000000003 0.7199375 0.05798437500000002 0.13070833333333334
1 0.43023437500000006 0.7559791666666666 0.06609374999999998 0.11531250000000005
1 0.15823437499999998 0.637 0.08728124999999998 0.07318749999999999
1 0.223390625 0.6967916666666666 0.07260937499999998 0.11975000000000004
1 0.11292187499999999 0.7355625 0.11582812499999999 0.06612500000000002
1 0.96578125 0.7078541666666667 0.06843749999999993 0.08154166666666664