0 0.96015625 0.6520833333333333 0.0734375 0.16666666666666666
1 0.85546875 0.6635416666666667 0.1046875 0.07291666666666667
1 0.784375 0.6052083333333333 0.065625 0.13958333333333334
1 0.6703125 0.715625 0.1 0.06458333333333334
1 0.6109375 0.5833333333333333 0.053125 0.14166666666666666
1 0.6796875 0.5864583333333333 0.071875 0.11041666666666666
1 0.6578125 0.4760416666666667 0.05 0.13125
1 0.715625 0.4125 0.1 0.08333333333333333
1 0.83125 0.4302083333333333 0.10625 0.08125
1 0.91484375 0.390625 0.0515625 0.11041666666666666
1 0.91171875 0.27812499999999996 0.0671875 0.11458333333333333
1 0.6390625 0.2739583333333333 0.078125 0.11458333333333333
1 0.2640625 0.375 0.0625 0.1375
1 0.13046875000000002 0.4822916666666667 0.0828125 0.10208333333333333
1 0.09375 0.40104166666666663 0.06875 0.13125
1 0.40390625 0.6208333333333333 0.0859375 0.10416666666666667
1 0.28046875000000004 0.2520833333333333 0.0453125 0.15
1 0.31640625 0.265625 0.0390625 0.13958333333333334
1 0.553125 0.7041666666666666 0.06875 0.23333333333333334
