0 0.1171875 0.6645833333333333 0.121875 0.10833333333333334
0 0.4359375 0.6875 0.078125 0.15416666666666667
0 0.6125 0.49375 0.05625 0.15416666666666667
0 0.10625 0.3270833333333333 0.0625 0.16666666666666666
0 0.11875 0.7833333333333333 0.05625 0.14166666666666666
1 0.21796875 0.7895833333333333 0.0890625 0.12083333333333333
1 0.5015625 0.8166666666666667 0.0375 0.12916666666666668
1 0.48046875 0.771875 0.0859375 0.10208333333333333
1 0.54609375 0.6041666666666667 0.0484375 0.1375
1 0.659375 0.55 0.059375 0.14166666666666666
1 0.41875 0.5666666666666667 0.1 0.09166666666666666
1 0.3140625 0.4541666666666667 0.08125 0.10833333333333334
1 0.37890625 0.40625 0.0546875 0.12083333333333333
1 0.50078125 0.3989583333333333 0.0484375 0.12708333333333333
1 0.58203125 0.30729166666666663 0.0921875 0.08958333333333333
1 0.83671875 0.31770833333333337 0.0453125 0.12708333333333333
1 0.965625 0.734375 0.06875 0.09375
1 0.22421875 0.3729166666666667 0.0671875 0.11666666666666667
1 0.29140625 0.34062499999999996 0.0453125 0.11875
1 0.23515625 0.28645833333333337 0.0921875 0.06041666666666667
